0.00914542198567118
0.007390894536891722
0.00883354940948834
-0.0052727504286541734
0.0031125173237393413
-0.0020083587430926014
-6.264307388513177e-05
0.0024351091560651135
0.006636608996075167
0.0035374202269318495
0.0036635523033159076
0.006888202303494099
0.007939318258465234
0.007133455372076375
-0.009471515371167277
0.0009365746957264581
0.005754175227605825
0.004997511483690771
0.00324588244863761
-0.00886830119748449
0.0011901352271399372
0.008773338403144862
-0.0016178788613705
-0.026757590324039168
0.016863336697986064
0.03893110298260499
0.04539179534845628
0.004728569689905877
-0.009047037280044596
0.00657313901726019
0.005487243470678103
-0.0025097572424243285
0.0028907036298625854
-0.0031667086817489132
0.0005756341144995299
-0.03045584226273125
-0.033913060574854235
0.18266443391341405
0.16614318912681536
0.15145331773220005
0.309127583652719
0.273623180254594
-0.08675216423787091
0.0163174731517147
-0.00438367006358559
-0.0024069392412516396
-0.004938586218138299
-0.0042599957895603354
0.009751321328402986
-0.10825521791395906
-0.2426507060692672
-0.24806742090704023
-0.4661786136832213
0.08319802472996413
0.9658377447483723
0.2738002416499578
0.516642147884426
0.36327666109273593
0.4881693320096282
0.06511860779079238
0.008673355053005349
-0.0061641855215020126
-0.0021921370769807692
-0.004675183189175218
-0.2976176573378501
-0.5276870672064503
0.28513136266951994
0.3585500672804262
-0.3516310459788243
0.6040377555589368
0.4467400422274296
0.34466486839104454
1.3439396788207436
1.6814250352169011
0.3638155317930478
-0.0003226732100353128
0.00019159142036775587
0.00893294085531503
-0.07697078020686135
-0.797357243033211
-0.33875179615876416
0.20054537314029836
0.08763796839370175
0.012193862166933791
0.3826811960183194
-0.44041449556027146
-0.6602340972405084
0.01653008035859708
0.725545065418053
0.3796037810647908
-0.0068804569990921485
-0.0033594720354987537
-0.008489441677925206
-0.06561245419497276
-0.29077599191955505
-0.001171954759961634
0.7842134649966641
1.1305398338380024
0.5043580722189975
-0.5875685500188604
-1.6936817163723223
-2.1831230050439685
-1.6951235576198327
-0.31515864569058105
-0.11917262952639396
-0.005222859391138732
-0.007352803042688574
-0.0008732480036916217
0.13737109193118804
0.07210756371758065
0.3257303834403665
1.3352007297664474
0.9407618887027435
-0.13600369882074223
-1.7953820116629151
-1.7194334639187572
-1.5015465868444486
-0.360409763826101
0.5461477992403446
-0.02832919969456404
-0.002646724650147079
0.00583299617928521
0.008854942829835904
-0.17071275876482137
-0.3293820022896162
0.12139558285678849
1.1151299470069538
-0.5114620519745187
-0.9106732354515645
-1.1907455501044313
-1.110828612228585
-0.44316405092491623
1.1062826634315683
0.8069902461959861
0.2373983260158447
-0.003218541075171515
0.0038777253452064314
0.001793309614928738
-0.18263142213084485
-0.08265395453249441
-0.1591981210657407
-0.9941860698068518
-2.085371203225768
-1.852065984037325
-1.0647864363545452
0.6286195262759156
1.095126517395795
0.8540413667259901
0.6448141931911756
0.13152171079824057
-0.002949362230342743
0.006721576225599638
0.0014045102301501206
0.09426378450162727
0.6252853401901975
0.3488544914569875
-0.22653500391323397
-0.25411327509767134
-0.1637503260561046
0.12619130313300395
0.3923312735345896
0.7505157626992097
0.40853975208817656
0.06136262195089655
-0.036080642414478024
-0.009808061305798492
0.002175713702044099
-0.00434407501197212
-0.021689102496302903
-0.15092671330541835
0.4304089277825156
0.796983777326696
0.958972382316449
0.09479541215207868
0.5853606723354335
-0.5219179483845753
0.15858282600505674
-0.10346415523886116
-0.13167323989291968
0.011672993765921387
0.002730446995252503
0.0025902909011520526
0.001292205560986956
0.005740090691302657
-0.0691183585805137
-0.2672617160950601
-0.09281918388999907
0.06787173872160125
0.19025722402824435
-0.18069165416625738
-0.5388060786868949
-0.3613806197855446
-0.07725919066252032
-0.033972373679528454
-0.02610752500650236
0.002841148333769899
0.0015026135984701795
-0.0023966520818313984
-0.001465959229755183
-0.008784419857122939
-0.08082985344547505
-0.712755871147014
-0.33900323569482144
-0.2755409517204642
-0.12371402140044817
-0.1024541014583132
-0.35945053631670293
-0.04735917146069647
0.006940039382545763
0.006809011884051768
-0.0007361673373189534
0.007306663682120887
0.008597772944465025
-0.008561446686387097
0.008338513533935847
-0.007829236813162707
0.007992660902391821
-0.05214437749563896
0.03764735535796212
-0.01852127982984534
0.05740680951678451
-0.009470825574450016
-0.0038604482531116105
0.008865680211890636
0.0023600521010757984
0.00499121871726162
-0.0034112248679217918
0.00023564961718354135
-0.004497222990684038
-0.005309538515986097
-0.00015281871223126776
-0.0037083555585638653
-0.006446803139482362
0.008996647099016286
-0.003487236536594005
-0.005210735023335465
-0.00703497248364904
0.0055386360804231625
0.0032485476078423607
0.0029332271503377406
0.0008172847114160438
-0.00796703245345896
-0.006309591342190741
0.007763747820409896
0.006749156159305535
0.009150033981934492
-0.007205833796285062
0.0005142452548887083
0.0038752837526316256
0.020018515222728135
-0.05797881293843417
0.04375170856152215
0.04999807172503444
-0.008241446896194413
0.005594914226890216
0.005539054908551997
0.0008537361089604682
0.00792911649612942
-0.003011182440867237
-0.0029274352575768
0.006102017149676368
0.10615914133006464
0.05914713796210484
0.07350579687405233
-0.07758488177390271
0.22934588441794243
0.12602793847653504
0.16911670279828933
-0.17307276449941156
-0.10314086178646147
0.009465774575884772
0.005938925302023676
0.007650490098426667
-0.0028602912406147808
-0.006818123837543875
0.18584947483869468
0.8090183623512965
0.9218438768559812
0.8829043123822449
0.5574245832274081
-0.09483968049712653
0.07377771160839212
-0.15514918297025848
-0.4823029716447385
-0.08381866891930688
-0.04663565734025045
0.009918143225045912
0.0019125341872065337
0.007938055961991599
0.013560392130463412
0.3791788857510958
0.1829429064304161
0.6102446760715229
0.0989000780833936
0.22385151685606228
-0.22099391845893931
0.16232668536437111
0.5370648956100926
0.49417395280412124
-0.15743674439884414
-0.001386261984343746
-0.0037842906664305584
-0.00011967800991596715
0.007801840530327284
0.0052172479093923994
0.4053421308457992
-0.1851982108397417
-1.1002485446843455
-0.927568457623282
-0.5400204868985996
-0.07951400000888116
0.48962283988741284
0.5829435939745805
0.8243699011589507
0.2815549999417829
-0.09043529438222979
-0.002364963256263848
8.339823856185445e-05
-0.008416159954761183
0.10401246825901748
-0.16973643066369265
-1.0612033320325835
-0.8896397115350814
-1.1706332166644873
-0.5195473740397981
1.0999974608370418
0.5111223642320296
0.6483755005409879
-0.1342195145674589
-0.5013831770068096
0.050846391945261624
0.0048375401799068025
0.0015648369168119736
0.00190240787406145
0.11494635728204555
-0.78053230875132
-1.3797178579187233
-0.8781231222597277
-0.5241537131720643
0.6241268031700972
0.8689509115976922
-0.046005361273097366
-0.06423304931051646
-0.6882110720892716
-1.4305691113274377
-0.2126044119147427
-0.0003665857195088336
-0.004186900027919849
0.006771897194110631
0.10647123595569091
-0.2733711181920372
-0.7821250061509127
-1.077485451572613
-0.6121372339754262
0.9691840029519333
0.5909478931788748
-0.09859453542492565
-0.585649836861798
-0.9387874499327595
-1.0064794650499362
-0.11312597592347741
0.002418324117784771
-0.002618154359635678
0.005396774294283153
0.5180674194842585
0.2579144061678134
-0.03890693681215023
-0.5271091185802457
0.11454112408893156
1.572696997342457
0.5527324339260195
-0.49890210864098933
-0.6945709683577932
-0.023371558032247147
0.17654493994910642
0.11654037014939782
-0.009768859472360702
0.007736024929062836
-0.009312575036988607
0.04955597861264732
0.5489520381524897
0.3894132897495492
0.5494408526127059
0.2002747845790206
0.18797215651168409
-0.4027611134459818
0.016552057142985903
0.14159974122131816
0.7588342398886712
0.7356708520302422
0.10595688205835034
0.005240862419152845
-0.007490282739566949
0.00547721028826492
0.09669321835716398
0.6021532585015087
0.546974642713509
0.5450749398414261
0.20855228518504973
-0.9876979042462264
-0.8989205780450464
0.3539817065136958
0.35858382118968046
0.4999777864899784
0.09021745602802918
0.04779901826378395
0.0016681960980539298
-0.004044204692375342
-0.007473878313731221
0.020303187230943907
0.30559634895794713
0.30979575655343117
0.18976074339144575
0.07445674404961787
-0.10278048454363801
-0.10142407524064923
0.09281797074964666
0.027702181902703165
0.07779230159592646
0.030616108248162906
-0.009326049056542194
0.004508359507438251
0.0008072964045682338
-0.006554258519845182
-0.0037846212686020175
0.007202546508073633
0.13668430693043176
0.2579809639881502
0.22021652967000777
0.017094499561491627
0.09647759160743016
-0.01876238369435605
0.08940629960053494
0.008103790229156391
-0.0030769558421516983
-0.0035441313230928743
-0.002304611291080785
0.0027932555734540964
0.006141598907610795
0.006203100353638051
0.0034575401558519844
0.0027816952590744484
0.008336013864576112
0.003339233757545652
0.005180564023609144
-0.003470726839121552
0.010191222470309761
-0.0025458040371872416
0.0011423594139423603
-0.0045143664687744755
-0.004287084984625667
0.007990652144984798
0.009013656727972287
-0.006808456595101257
-0.0001672980685065665
0.003156818740801502
0.006202987286219168
-0.009209633889173664
-0.0025386099934255977
-0.008818430214135293
-0.005122859148274233
-0.007943687492753935
-0.005165919520428606
0.001760637012307607
0.0008216890548301044
-0.009662992836203938
-0.006684533476845742
-0.009191177001667574
0.0013778138482454533
-0.003969507616725281
0.0018124292398856764
0.005069328558462635
0.007733577947356808
-0.003331028721050882
0.010496619134280884
0.014280944793448647
0.01238228266635433
0.0016881014321930739
0.02946761613572768
0.004939975709831332
-0.005265406637779238
-0.004850990259652235
0.004700009006989008
0.0029220496217961904
0.008228626189305486
0.004679989739972171
-0.0046246309597538235
-0.07691191598333733
-0.272332351526521
-0.6170965669693038
-0.2930173341209114
-0.36629159099767666
-0.4883168089262441
-0.0395923625384463
0.15182310309836577
0.16046278422276028
-0.007363114230205888
0.004220129646308982
0.0037406878694640575
0.0044331729315697285
-0.02729339704691765
-0.21677714454617317
-0.36219914237624656
-0.7416542213528833
-0.6647735890272648
-0.7578430118567029
-0.7261039937877946
-0.09569245098942332
-0.1690927751143427
0.5407221580359974
0.7793928981941177
0.0576420381255322
0.0034473392853847356
0.0021617252121690807
-0.00476447527273921
-0.05207246914550887
-0.12891146925975774
-0.3878656712109666
0.010678532132379799
-0.09531973638334634
-0.36011705131338756
-0.3731480978200253
-0.7788554242326421
-0.41226515991143964
0.328998134831987
1.0198540118041393
0.25342595890366726
0.004954713321242225
-0.003043310083744799
-0.002893817953665469
-0.17949474025495596
-0.07444617664372256
0.0853790372703881
0.2562928075938272
0.42417489641695166
-0.008786319676207681
-0.5655628081292194
-0.9860641196605786
-1.135722870185816
-0.5516276372535093
0.3732893586998374
-0.01570372939049931
0.007300335098508958
-0.005638768522057725
-0.0014611695713818674
-0.046574834372163504
0.2542889406157914
1.2984229937806402
1.7593531816569545
1.3304138324433412
1.2953071428071659
0.24854818133261222
-0.5003320097300463
-1.2483589866982563
-1.0055863878181515
-0.7110538876895476
-0.043729923328569516
0.0009853831825591148
-0.007246855309220484
0.00976425370995356
-0.01332147035810554
0.5942143600977389
0.9370553733307181
0.4328834299319206
0.3149505996190873
1.6177616642855728
0.8854180535886335
0.5999562063867324
0.23196324593138978
-0.29837068648837534
-0.7669984253852418
-0.25809125891365536
-0.007179173665182573
-0.005563938298902227
0.0051624471840741
0.03839071072735319
-0.4444577415663398
-0.4794316593266049
-0.24833415847676238
0.19928606616587918
1.1404986769220886
0.9268262432944192
0.09658971473066028
-0.011176424657379256
-0.19799246513177654
-0.039327144968091976
-0.1883255965616479
0.004376599281028964
0.004060020481593065
0.005587613179893987
-0.3281573332159098
-1.106331076592965
-0.9769315628828217
-0.4307422270825743
0.6551572233021412
1.3009772997718438
0.5010687646515317
-0.35128880951887353
0.016439367636591408
-0.005724643969172563
-0.19560258546812984
0.02841697907696289
0.002131372318905962
-0.008818530545243486
-0.0007947502085109154
-0.4613607544074827
-0.8063498265970357
-0.27334988022533363
-0.58385350431494
-0.8122740891547904
-0.10184837663034468
-0.4148077031331188
-0.38326642569151487
-0.37656304442099586
-0.2583257301515035
-0.29927892064347805
-0.07666099191437929
-0.001194222324798518
0.004140837512159688
0.008723695683618018
-0.3117619143402041
-0.6789165373452368
-0.29222197648620446
0.07931243308771406
-0.3454134687653024
-0.14217362982965367
-0.037261552451342037
0.32505807356292343
0.17525141547615858
-0.05579024258588799
-0.24963742932945787
-0.03920176785962584
0.009881644852963585
0.008677560896950395
0.003544235487753629
-0.000127703819807929
-0.3293362776711752
-0.295856878274997
0.30760803933627107
-0.060708437258569836
-0.21298427562917985
0.05314163971904818
0.5426273140178368
0.6564578326855225
0.05874478812120568
0.04239766848574776
0.008162606262411734
0.007168780272902532
0.001002358246785462
0.00404344361243341
0.006234987321519373
-0.04317534147228552
-0.37066791714970315
-0.2621555697220592
-0.11143933163482518
-0.3006281541146505
-0.0365599307825144
0.07082413706598384
-0.009788661950179757
0.03917492157622464
0.004246690415672461
-0.00307029814689779
0.004559786557282772
-0.002473680231866773
-0.008382646030393634
0.002028657064003861
0.0005515874605795043
-0.0002782250215399186
-0.017813974457936445
0.0039236476748083044
-0.009068168700168367
-0.048625879405631615
-0.02162007915513219
0.0021605467497530172
-0.007228428190780309
-5.195469821052401e-05
-0.003855338694762729
-0.007450202023145563
0.008391988767636095
0.0007466143436266129
-0.009110443761655467
-0.002555402027090257
0.005894511696887051
-0.0026306501755355713
-0.005025698262512002
0.0021367485324432327
0.002649981648007003
0.00937389365681388
0.002188002027725103
-0.0016772285627191866
-0.0009052036466508859
0.0025746578001519076
-0.007299632584791782
0.007566903965122279
0.006445469057053647
-0.008795324070571518
-0.0010233429909838818
0.0011065401485692242
0.0072108544042389835
0.010001557214210272
0.0015221971397466282
0.0013161339935296146
0.0035522208441800215
-0.006044617375049036
0.007335859720392325
0.0030777003862960377
-0.008895672198129836
-0.005077236021573443
-0.0023558237736444497
0.003425297093641493
-0.0067742003621425175
-0.004109365977161154
-0.00908981232027123
0.056331860863922216
0.17781094105478595
0.6867285453535884
0.2520895684135816
0.33154120823263733
0.14599840505238418
0.18718443169547402
0.14856744376334907
-0.013133152873589989
-0.007512034176217604
0.0010827251365763332
-0.004677728383233162
-0.0009639305876697774
0.010458786415734993
0.0603225259593785
0.24885898006923124
0.6455559912583517
0.8944230268220673
0.7580982254496648
0.2995577223383665
0.6787106917436783
0.4005470623043153
-0.41190027243205307
-0.3413367177015452
-0.0749315570706448
0.009514039920326138
0.005041092586747405
-0.003121801690983139
0.010375209427317315
0.021475917822294785
0.3757210230430293
0.9160579723950099
0.6307656198371187
0.5790686404618244
0.5204352085925302
-0.07988059457145533
-0.7178703916294499
-0.6798956308027231
-0.012117190270426306
-0.10166276230011437
-0.0030234686833146545
-0.007252201391841051
-0.001587325104498988
-0.009850578038236007
0.05572904046229121
0.5577979369567567
0.9694090288253285
0.3953253293463483
-0.24153249617773523
-0.5311452880011567
-0.20764705023196514
0.4726632004101241
0.3964159477858686
-0.048494216996068866
-0.023586494967428626
-0.0055819178161913355
0.005353421108180899
-0.008372016334010269
0.00013167149966279333
0.07867398276414565
0.4850555173727672
0.674390860005731
0.04784852835058107
-0.5145180208429895
-0.6779105440676508
0.9097810111365651
1.3387629485485908
0.8838428899755361
0.3475463161239047
0.04337592654642419
-0.004219634959433845
0.007555255622980818
0.0019466399451232384
-0.002199024683214523
-0.03800777802365231
0.10054662693404576
0.05667161938201687
0.8076087711959208
-0.8285148301416916
-0.16869187982875194
0.3409524188427119
0.7921320463001205
0.3537725266407545
0.22499865919916123
0.008926080869026501
0.00045632020124080144
0.007750548702457944
-0.0006457096333930875
0.00236822930345258
0.1929197759816453
0.4175866145039152
0.2569452726843562
0.11081642793230616
-1.012653115172361
-0.4113955640611871
0.879545963886366
0.2552958194226854
0.23255422576625995
0.20383192682314108
0.0535509397447495
-0.00743357377225061
0.004534630976187899
0.007192181762392695
0.09824644852427082
0.24789087224132808
0.534155694495067
0.31508397094464413
0.8746402185245075
-0.6802869243409702
-0.2561323768526066
0.4182616699310872
0.3944994528351877
0.5601908066073995
0.23116201671607914
0.09073125052105382
0.002706891277148125
-0.0053583925073345
0.008598220950239205
-0.007039859503258611
0.1053221217941224
0.04112011998694127
0.06589674804386789
-0.0011732079702649126
-0.3370003815142208
-0.09265128709346353
0.34495921555746883
0.6247327988679502
0.6261540562344772
0.3826430162789095
0.026974508007712002
-0.006458682087344942
0.0035223790439367075
-0.0097749204788115
0.05629310058221019
0.10223409930605103
-0.13653998024231762
-0.8747955113584119
-0.344091458665008
0.08822000741188553
-0.24555868138928685
-0.10033787622939463
1.0261051424893868
0.7950504523441082
0.27066146122064333
0.05947841809278663
-0.007935850546150319
-0.001972679151347006
0.00596638862702425
-0.007473989012307688
-0.17554450295541404
-0.0025814603228478325
0.3360051454625129
0.21922422831879845
0.7770326932235949
0.6019349849616682
0.6101085588358579
0.5105868476159103
0.2555293848526435
0.004973675966573219
0.0017695451570960412
-0.005868729037895202
-0.0060065431992275126
0.006960600441271754
0.008297731984199712
0.07988111735638488
0.21254709011355719
0.39584935581772085
0.2560972199315736
0.44633592921871845
0.3382670457260022
0.1239448809090757
0.005226801082776305
0.01022134477737302
-0.0016408017149593685
0.006926935801183235
-0.007565377954971153
0.006474323270351993
0.001535579649637837
0.006099607012030035
3.9171805307982796e-05
-0.005248007330478728
0.0056977820143168986
-0.0022092223707990515
0.0006401390476484758
0.0037549977146533577
-0.0040780304297497886
0.006332147068246963
0.003021486978468088
0.0025373069977336817
-0.001551493629257366
0.002415425107672618
-0.00739295499900453
0.003681029361372729
-0.005672673039673666
0.006239209223567325
-0.007694284470849708
0.007898894939345832
-0.002361653952316813
0.007717634426588115
0.0024397034762900036
-0.007202158247643951
0.006694705797241308
-0.009878209496936487
0.0029598794802330967
0.003444794769113574
0.0037441519505958445
-0.001767930448576007
0.005236087742802905
-0.0010619268067458259
0.0010352681929631218
0.006852162221120428
-0.0009998433213445606
-0.0033864056263481095
0.00046353832248479434
0.030793293437215218
0.0006029649864334619
-0.042955400752278404
-0.05682648421294656
0.0012969976293390958
0.0058397762373763405
-0.004528561901494865
0.005850940738001338
-0.002235508777902251
0.003332601073747091
0.002638239682279331
0.0004112074054087953
0.059270415216791585
0.23237435438003715
0.5910631951800813
0.7456472222820946
0.729844325271694
0.5892751989006632
0.5537174495439381
0.45322317113337557
0.15723066420195989
0.008726373426454456
0.006970170856556787
0.004652241782954052
0.007980950303926032
0.011426564914689503
0.08056822687591542
0.3479951502711041
1.019896472387037
0.5516483588619749
0.8656658852932728
0.36078820028971104
0.5010633185221778
0.2276421202324505
-0.023290560010486662
-0.4123799130189262
-0.10871461031103212
-0.0004679059375540459
0.007983278037900115
0.002671917620639683
-0.019034214668515678
-0.2418335401855926
0.19636540696786894
0.3671208154768145
-0.03586305686381432
-0.37786983026262333
-0.7514790424536699
-0.5834238350861791
-0.9810394081068021
-1.0120794330551317
-0.9694679492582045
-0.12986541918037592
0.0030383650557304336
0.0016427313345806337
0.0077290850533483215
-0.10823043808632223
-0.3123953925168572
-0.769671334550232
-0.42933923949160024
-0.5400559646804499
0.11671733077968183
-0.3317588824718999
-1.2281726278973906
-0.9272803257421633
-0.968957791899
-0.5413619882907671
-0.14657092171034908
0.0022762438758502455
0.0076315400786413756
0.00641814271468194
-0.11733232297531243
-0.5054523983203135
-0.8177385177046087
-0.9958225216458514
-1.570510410040846
-0.40307233012049065
-0.36545821064703404
-0.8148638596574561
-0.02123348830579684
-0.18533951889415415
-0.00040635059227092163
0.0032378682081398774
0.0036146157841552545
-0.0065002720339144915
0.009774227107947913
-0.08002887250867838
-0.9905947050968428
-0.7103685007489314
-0.9345609702219991
-1.1535434701264162
-0.05552064341347091
-0.0991075746936117
-0.658077750214311
-0.06990364470814237
0.6873141090128178
0.07277914258726621
0.07551430617508184
-2.120883443567506e-05
0.0068532810857809285
0.0038131327640160053
-0.049991264037552725
-0.3562372848698298
0.08120855984227794
0.3206167938278587
-0.06929903824470669
0.7775177969232473
0.47415899475411033
-1.0333446785842169
-0.3050123974464397
0.2962868297889506
0.02487073156064049
0.13133192020224344
0.003100435820909353
0.009298854483338429
-0.0009106538457376995
0.21102410211676867
0.43696539147507
0.46376791206246765
1.1724727935151034
0.572022324271005
1.2136911281096108
0.3316963681739212
-1.0071011940516148
-0.02906157693937417
-0.10230266497568188
-0.035322443351908345
0.07642005099652502
0.009483324965176442
0.009368760684841946
-0.00365846109668444
0.10066845711295902
0.22075751370652116
-0.028312080862185746
1.1565065531490613
2.2088245191152143
1.2315852556219968
0.5642949025991081
0.38057936211449506
0.6590082199447312
0.46601620999657734
0.3777241254299869
0.09469237718183528
0.0024094114568537495
-0.004313088412432909
-0.00653449564579903
-0.1296508504658769
-0.27696562924081414
0.1077793635832325
0.3691458638226331
0.19477539798341137
0.9086751268798617
0.13585370788785772
0.28466465536156316
-0.032434953369840876
0.47346756232487885
0.29139241774650904
0.017049029656387108
0.004305861876301536
0.005796656066398237
0.0029252832840288723
-0.013488785292771536
-0.1658812601698947
-0.20960405147515082
-0.6014568497879165
-0.7856026511113675
-1.6214939592912538
-1.1316008032632534
-0.544331245270312
-0.30453449327035803
0.08013244334630398
0.0669430150200737
0.007561566101548369
-0.009597191620442796
-0.009669954051881525
-0.00685046291133433
0.0036157126231483178
-0.0718517126306311
-0.19684514381238533
-0.15696962160296254
-0.33928825151996306
-0.4139955805244906
-0.35777578154830103
-0.1848389172059411
-0.0537555412491228
-0.01187050871705125
0.007782316096221207
0.004919588614830302
-0.0028452241736682416
0.007907079887743982
5.108504452088283e-05
-0.003959627163915056
0.004021627164908514
0.009527993477102596
-0.0031818211568065257
-0.007603626961786931
-0.0056023693273266496
-0.0036244729221984653
-0.005131806819680923
0.009057001562057677
0.000838595646246559
0.008781078607564307
-0.008402475245589916
0.007058192832824913
-0.006115811972077103
-0.002621061460068406
0.004036932810236182
0.008810536960776561
0.0012101808682538021
-0.002040621875025265
-0.008017118066252497
0.000768054491578794
-0.009705050745878388
0.009075840896516961
-0.004585355103253251
-0.0036401166668845585
0.007761246466967792
0.009319205782965462
-0.00797354918841441
0.008446687959371478
-0.008835422905682497
-0.0042908755116289
-0.0066315868435725105
0.0071640835165855034
0.004104165061396634
-0.003877172443899276
-4.46445375955162e-05
-0.01663192470730139
-0.00628944441875929
-0.000779909246896537
-0.016521249551639992
0.003410108362491006
0.0019052666230455154
-0.008587812979647216
-0.007746126241828981
0.0029032141554578648
-0.009508618586744786
0.00362635385912341
0.002634414181309344
-0.0035855825934913606
-0.29777601629039613
-0.6042707271074651
-0.7970147166065156
-0.5727129768408559
-0.8910508026428976
-0.6949490750885106
-0.1271002047378041
-0.09567846649154872
-0.006329849546996704
-0.0007486752093028137
0.006792033127151093
0.002179518761024079
-0.041584289491251876
-0.1481742660338876
-0.5144501543289186
-1.1962031971454823
-0.974192061708834
-0.8263406151495597
-0.3845804398241534
-0.4472023928747221
-0.5955967834247583
0.012088292444659851
0.5620765351219665
0.08174648007058079
-0.009120213922846333
0.007556771312082556
-0.004547654333784899
-0.02829465988400744
-0.03356056139825423
-0.20384376831142453
-0.5038396996855294
-0.23092886213105515
0.5398565585099052
0.17499160118145948
0.8004172424478951
0.8946231505994032
0.5319152428797546
1.2348368778658545
0.0894456594449807
0.00715890683942866
-0.006901702467361269
-0.0018440656194974661
0.011944385638629621
0.3814493583376479
0.8040313198902569
1.000880575301987
0.8161368227450781
0.5358491865383653
-0.33634629355340667
0.669803187667828
1.1981348090849135
0.8406363791633842
0.969615746387946
0.07131385292944707
0.009092452729611
0.009820922924674172
0.006307127465907421
0.09334919498921218
0.5628087674312511
1.6955542253401625
1.367185980175825
1.684640571812643
0.6913159819605593
-0.5787765356353288
0.25599759498185265
-0.03710128773022882
0.68886094662094
0.36241950755371616
0.17706194955819884
0.004897732913568653
0.005666622849679342
-0.007587251634259124
0.09150273453218671
0.7273629726216319
1.3743083783330132
0.824798545759074
0.6014401300579038
-0.7012448716260274
-0.6302473672618283
0.09730541445492756
-0.14591234186385654
0.16766960582302262
-0.16087408710654966
-0.1129694668067074
0.00730388631269162
-0.00943612170267225
-0.005422943726803749
0.0648246408780895
0.3123866048474188
-0.13113577222476708
-0.1180823873711616
-0.0015939485226255225
-0.3074829738311642
-0.23353777650057805
0.1911193682575071
-0.23808582277262352
-0.22498053795389858
0.052026613498276676
-0.11053120889053827
0.0076688371575217695
-0.0011215691682766211
-0.0051478297902437945
-0.19704270393171208
-0.03870382605585519
-0.02323607828436071
0.0034698578206632013
0.4643296288834808
-0.10039759281833213
0.2999466157926409
0.10632605266434873
-0.8503944963346405
-0.7300803207309192
-0.04267338284612178
0.004532587904069492
0.003323338458401928
-0.0028705078983189795
0.00857847087532282
-0.4738980698290773
-0.6109857199001759
0.31442487049841217
-0.5276531958393096
-1.3376411411911595
-0.24040781110959958
-0.48519401759784825
-0.8381814806851223
-1.0306202740545247
-0.858001723427348
-0.27454732332100973
-0.06430444939996975
0.002559846529059516
0.009110135676860255
0.00718506142534093
-0.4325647450611474
-0.651110921080554
-0.41652031780000154
-0.23273840024433234
-0.24666812087396414
-0.6998108730939706
-0.4025523128873206
-0.07885718458274682
-0.27640571139053405
-0.020806646032719672
-0.08737223979565335
0.009872518134608713
-0.0061226566514694806
0.0028489958898174315
0.007412173956183021
-0.1057063641506441
-0.7681842465041324
-0.4885141609317477
0.17424022800767405
0.13017468045903433
0.9705322690087919
0.8847374920635275
0.39227118983431153
0.5556829352265955
0.3002406251940093
0.10732347970224483
0.011452394329684647
0.009904079967657022
0.008722305223166608
-0.0060608019810116385
-0.0008313802937955344
-0.022848420748799555
-0.28545321996411366
0.00039335625702985425
0.011739362822915263
0.06528234835559552
0.378593297994321
0.32680632504904555
0.08699523426170737
0.04135432153619349
-0.008100889496952056
8.65601214102181e-06
0.008155900528842902
-0.0074855480708851865
-0.009281599814270167
-0.00636200944409751
-0.004652510434162145
-0.007201177475971337
0.002986560470492048
-0.004936269451354189
-0.006556199041208019
0.009415962646026592
-0.001292348500744231
0.017066584112075744
-0.007027828937522656
-0.00724924537045075
0.00980348348575707
0.006971059470474888
0.0006178047017834851
0.007801181571770474
-0.0007984796718174675
0.0074306467449180656
-0.00592871901478911
-0.004363167064686649
0.007301970988984935
0.004805831170753377
0.0036930627519151365
0.007479101792096028
0.005463113531919184
-0.0027828578547312863
0.004725939467651983
-0.0008415216276991874
-0.002725552856873841
-0.006697218899271322
-0.007340156948421741
0.0037146484942617523
0.004380649185936331
-0.00272787384643791
0.009409606474416072
-0.008195301552952079
0.0020514780720298905
-0.004417480052207579
-0.007878041006929126
-0.0045851320821436595
0.015733655158390262
-0.00872813112062409
0.0012653585264999715
0.008349828492395234
-0.006532825342823605
0.00565639000281949
-0.0024531628470561137
-0.003766201209674187
0.0022282381736966374
-0.04895272691015846
0.06585937860190527
0.07960777271763474
0.13455529408154146
-0.19696474572087308
0.0047828672553561205
-0.08227038573856098
-0.16866643167925768
-0.06405276701557786
0.004185590572107798
-0.009086579648806242
0.009807326297176936
0.005536706825701138
-0.0056534494083470615
0.09805567347708939
0.38709094117023457
0.6863394325120216
0.15170898224948978
-0.131766350204786
0.09908020819284306
0.012325053573379173
-0.4398856390597795
-0.5611357749696146
-0.3853005005912479
-0.03141384576147907
0.00575390156893857
-2.42411278577985e-05
-0.004283656063058674
0.036260602530086956
0.4618472455681496
0.0401649270247213
-0.39040015131970723
-0.595935426350972
-1.0664627105577114
-0.4505044274239807
-0.09656682942039022
0.09337961264076108
-0.019374955429279916
-0.6489035911377083
-0.05219785450047453
0.00023548278017253114
0.0009303683055050145
-0.008232009028965152
-0.015011028143626098
0.01797726883728582
-0.36613623094409853
-1.2062625885105138
-1.6404287733233982
-1.4623965276405233
0.21294901461795887
0.5266144706691922
0.08028799267945706
0.11629215223506792
-0.44487067531232355
0.022098476501983533
0.0038294639878944797
-0.0052334480001536956
0.009271523267299218
-0.02633215771967944
-0.2703131255440269
-1.2905910806696077
-1.679292216823403
-0.8498264089352818
0.07389059783724042
1.7564463179310377
0.36003218086602284
0.7808493375053317
-0.37010294516624603
-0.46470234032821245
-0.012882598592969812
0.0037457537593770258
-0.0008675833021648521
0.001013168838875084
0.01283103855439567
-0.16054180967104326
-0.6558075304454102
0.04523285636499413
-0.049349975670436065
2.3022146692954495
1.270810503870311
-0.19289598172987732
-0.04519970658358528
-0.4924651440702015
-0.30378909502404816
-0.02064721041306633
0.005268729112211039
-0.007775473275998972
-0.007107928649634212
0.03781845337838315
-0.11522843558436015
0.12403180992152471
-0.08005498267373483
0.012673577326251281
0.9800470781755506
0.9048403652089476
-0.3287909703983687
0.38645419864713704
-0.08188263329240227
0.02422371010627371
-0.04288520771323597
-0.005348704949221532
0.009650559058283955
-0.003666442294570484
0.061352335130117217
-0.0165512378190474
-0.5417767181582218
-1.5418508854863282
-1.6713327646391678
-0.49336921624381413
-0.24687776643338735
-0.14649974801765903
0.48019671366006783
0.12314513143757647
-0.02341206728689288
-0.08689939930059658
0.0013855956272224267
-0.005705167362964925
0.0022291547222660565
0.32238737670018636
0.41478763801805896
-0.821817590747796
-1.16747105049965
-1.3455982365726158
-0.6880064726003501
-0.7719855074880135
-0.42809793284424114
0.5620844399105003
-0.116385828141264
-0.22140512472358795
-0.134201269025379
-0.007171399160776846
-0.0030685423114150193
0.0009840243283320855
0.49234836333609944
0.5307989064568863
0.4320396634236534
-0.17657758849845118
-0.9466766747598343
-0.9190563686286952
0.12079531503047636
0.23346281491143483
0.02065452500006956
-0.4796188085025285
-0.16609637656186993
-0.015047365656098563
-0.009365691804358662
-0.0077375014677899204
-0.002505526716373445
0.08418882724068315
0.9522775689317439
0.40620626905776536
-0.07855592312018513
0.28354158622590764
-0.6335116358050121
-0.33448290407420594
-0.1938508976043007
-0.25750022809300877
-0.12522402539865976
-0.05437959946596423
0.004749563494333562
-0.007564441136612565
0.006061827608075681
-0.005946413249425087
-0.0003366432680594351
0.01083524506068269
0.3534428307477862
0.20560556626179727
0.07764951832703229
-0.1091024548541349
-0.2543820617243876
-0.32123019380957435
-0.07664148149412751
-0.03063705593082798
0.0026026198471789577
-0.002675945495688994
-0.002823568524933366
0.004555879685155464
-0.0006159224099445953
-0.009942572683428567
0.00769384221443605
-0.007009486180381591
-0.009237406376725993
0.004968870494263914
-0.009038896909472793
-0.01581705397357981
-0.0033786685623974078
-0.013622685451111095
-0.008230201432715752
-0.006643013884862272
-0.00399110522475119
0.0025137929017431254
0.003419062303279905
-0.00782025537515814
0.004207219794261608
-0.006021123065252625
0.009623030553875382
-0.005683532501453812
0.006062488355712029
-0.009373964525697087
-0.0033281914387085785
0.0059318891523099885
-0.0036728524347307383
-0.005426595148645319
0.0032334336325100504
-0.00019507869950174776
0.004936731355716937
0.009957191832077989
0.002478102753236457
-0.0033338770921008407
-0.005073482125115432
-0.0011413492669552355
-0.0025170713414771574
0.0035894675558197585
-0.005291664933237639
0.029848191649685597
-0.11277637820101037
0.050281386993963825
-0.0006001434752896219
0.006985574188699143
0.0011668347750572409
0.0015384949908234385
0.0008546499898361634
0.0021907796140649867
0.008849840108790608
-0.006025179886057051
-0.007010120991506936
0.11286149007676884
-0.07887208251785768
0.06387883692631449
-0.316009449161765
0.5671024139117985
0.38377581807832667
0.20449530092978374
-0.13262522888651576
-0.07838776522326366
0.002515382980339138
7.280212325776886e-06
-0.005819120459001685
0.0014919862270773836
-0.019083875218005922
0.26195973847430004
0.4723675992262678
0.7206523299023837
0.13252755545703532
0.5480683751969485
0.36943603528764324
0.2799167893307874
0.006832454824198811
0.10426979648339867
-0.153154648171878
-0.00485936422280263
-0.001390772636354556
0.000632855506104266
-0.00534805627187124
0.07034385608500494
0.34246331250783596
0.44864943413633845
0.3492375543423214
-0.05575043979167634
-0.22582482332047668
-0.5499651841040567
-0.010279140597917557
0.34144266960772085
0.44503145092331947
-0.3304172414167243
-0.12023328983284945
-0.0003270451431240766
-0.0017242678865809144
0.009983208847418166
0.23672204219228107
0.8564645045364588
0.30245617976907097
0.2449399647597537
0.15890927747270187
-0.1898440335207927
1.2053862522342456
0.9908329664411776
0.3376285075383559
0.021483330226856674
-0.25429946102588624
-0.1073194569946253
0.0065835624227493835
-0.004023533367492655
-0.007423574563668929
0.1906935249414838
-0.1009769996190726
-0.5925197839231153
-0.37809761424591576
-1.2368882059234116
-1.606758228220053
0.8307083575272496
0.555723927780901
-0.2171844778269635
-0.13548978331380224
-0.5616406403723672
-0.012964610377536424
-0.00016331367560046273
-0.00487017589711934
-0.007807875425032045
-0.05438145542881568
-1.1363257627620709
-2.2124486669312806
-1.6957114157529412
-2.284008904629437
-1.7708125097615577
-0.6501111098442705
-0.8134655057763731
-0.2666655228025654
-0.8483401471406962
-1.0237238864191498
-0.1525412418159411
-0.007979110319946478
-0.009913150631991314
0.007733919994763144
-0.01072553106509125
-0.49894757585178084
-0.9379729744871435
0.07172033952258153
-0.11240051382585466
0.16444113415052147
-0.0612316446296199
0.015463637697123127
-0.12615632693443513
-0.5032925213413738
-0.8959309314135744
-0.17900096029437698
-0.009821188401815957
0.0022095572352818487
0.0029042581713233945
0.13455150276671796
1.0578635395752605
0.4229251203309077
0.1095932118689613
-0.12888271675562257
1.3466617315533798
1.1097142278943648
-0.2790762862982791
-0.8627191726074136
-0.14575838317848108
0.0255518709129833
0.04931555759593457
0.006793521505440931
-0.007168256018461629
-0.0037801574840122852
0.4918019332805407
0.5424211585543947
0.01487540047567877
0.2431171948171738
0.14157731965827508
0.7709818156840325
0.42694798883177293
-0.8977053561025584
-0.19464943115634467
0.2823125889559263
0.6328540409432136
0.18452413695075917
-0.003880279275582819
0.002067574380969009
-0.0029606172747384954
-0.22323911248240835
0.10647971594156651
0.53112697964256
0.4930194944577768
-0.6773621421250207
-0.4468632148836216
-0.532870493013545
-0.1609304616925044
0.43814969989215813
1.1715622587697987
0.4347687015171092
0.05964784202131791
0.004715163147563366
-0.005012758047085393
-0.005669291188004126
-0.059012381965239266
-0.16502016491228955
-0.44120388820540535
-0.5447365030231284
-0.4880804436119658
-0.8478751850178549
-0.8038905218327043
-0.057418276763307984
-0.2569760108939827
0.06272399588284565
0.11013800228817387
0.002290428169163395
-0.006093637085909547
0.008930339470024444
0.00840528688517886
-0.005378721162095947
0.0795912407588915
0.1401178895824649
0.2597552409308811
-0.07740381778751346
-0.2360658476513387
0.11430095643849299
-0.1743970848140524
-0.26393574137664405
-0.13394332444950352
-0.0042487143715188025
-0.007056400688769997
0.009813722219278119
0.004918031399984953
0.0014184427603575762
-0.00777051430280795
-0.005485015520146308
0.018805145754166197
0.02500298985544234
0.021811983520963796
0.01948011541665147
0.08299050057420217
0.011890570850346135
-0.04491484592907488
-0.0032544874490683133
-0.008453149411683656
-0.004372080891135253
0.0010248720024142212
0.009049784352464804
-0.005341374292474752
-0.007811530866793175
0.0018701421558860124
-0.007438146316918968
-0.0006776706367207421
-0.00576371745237749
0.004616040570378541
-0.005017593009378539
-0.00547027096031161
0.008910599506419347
-0.003019627407190608
-0.008654566315636207
-0.006344292254615533
0.005506355574008279
-0.000876947129016115
0.004043352679170269
-0.0031867562927260853
0.0026669886517838633
-0.00209174080735444
-0.009851368297837247
0.0007885642606666845
-0.0027904495982651917
0.0028484773098661886
0.009007960861883513
0.012738198377027651
0.011591624452073852
0.0008662492186310086
0.007384641676041434
0.0005959035202192983
0.006032791725718032
-0.0050367661141239965
0.008758250778951556
-0.00576445388827463
-0.0090009660960049
-0.03432280485566323
-0.016018866659970453
-0.036483458493149254
-0.025599879146850753
0.31160142387911643
-0.26423053572491334
-0.04222657426978147
-0.1208879736567246
-0.0155465057599362
-0.005214920997605732
0.005041458508834562
0.0088465224181967
-0.001949151423508282
-0.006214471345755749
0.045059387872000124
0.05645005046129594
0.2653211844604758
0.5097980624027451
0.6663101716301807
0.07906394053434312
-0.4135128561712547
-0.28994239005321437
-0.6354889978542171
-0.16669360836864752
-0.010863535933224311
-0.0012145943325658475
-0.00044443581906135517
-0.008666092189474277
0.03329338321352644
-0.0823403380399657
-0.7321636764203948
-0.4426094744963902
0.37773312668886566
1.534176784648221
2.5922529123997258
0.6549514414402494
-0.6954544070986407
-1.1159423520963914
-0.9576660143949579
-0.17765685246517082
0.008576157524483251
-0.003475505250120514
0.0059137994027986225
0.017531977319322118
-0.28238958866476177
-0.7613145820470237
-0.4762129279121766
0.5150096314265358
1.5256219103171158
1.481363942470257
0.6427883397793993
0.04652508645575022
-0.2666946447704774
-0.4970814925221903
-0.06871088740787061
0.0013785030639344026
0.009872307889186355
-0.006601507574583972
0.09487608959190134
0.20727078961005815
0.39728566291020684
-0.15396613063854933
-0.37424950589445877
-0.0010769555733481455
0.7864337886227185
-0.31752882790309445
0.7609337302078288
0.4123598087943438
-0.06478240513919414
-0.0044198508122166155
-0.009333443512066275
0.007938122768731242
-0.0011565347641647582
0.13062310616829623
0.19071283419936083
0.16395110224947038
-0.039281455620299166
-1.5132663526811991
0.1261913515962724
0.44707297823967274
0.3410417946883731
1.3421720390875378
0.27558546421789326
-0.46623786484682467
-0.049318624819985314
-0.001942426206219797
-0.0010813447960677965
-0.0033739356296070147
0.0470086624370241
0.060567327119267336
0.986752442855296
0.04226242894453162
-0.5029889714987064
-0.6797243170970654
0.12246596322807266
0.2208468515512452
-0.10094778146163154
-0.288743763250437
-0.4771354309968367
-0.10901117593578762
0.008732611707070992
-0.0017411423163215048
0.007226575091953407
-0.060938279235849685
-0.32877569314712024
-0.48907044640722347
-0.03719364867005612
-0.11182450944815933
-0.7485830435236225
-0.26385675758074073
-0.46879126880014105
0.1895551719969457
0.06130535458313959
-0.23623953348973536
-0.02286438760554265
0.0009184797730235859
0.0015710805593848742
-0.008031032399761311
0.03274335413363572
-0.3788780590128138
-1.046709264867584
-1.8295584505616465
-1.896058509048271
-0.4637307588335153
-0.2806037111243221
-0.8182998023121983
-0.5203821025396145
-0.47368654800205573
-0.4334795087317171
-0.09370931865121848
0.005911322400493744
-0.0037259112984441758
0.0006271696037600302
0.17111064191476977
0.019977393874499108
-0.8704094972760669
-1.3689291748436445
-1.4454752713862107
0.12730996686716053
-0.5136611111216846
-0.7878428667707965
-0.7472642098728581
-0.5199608190272275
-0.261396574567579
-0.020063117276025243
0.00351254750203029
0.0010828462987534666
0.0039587538958988314
0.02289102658507581
0.3714186190437692
0.03665281279719792
0.3018664835505234
0.4821544153637003
-0.24669932911897907
-0.33700270514589875
0.09070523761941263
0.16864466482735072
-0.2642323674914504
0.2099332894386016
0.07072517341712997
-0.008084861131977945
-0.0005117030982448555
-0.00929607108071733
0.0075417613354546355
0.11698785560736132
0.382488652322258
0.8824181382112686
0.8023994493768977
0.5606623038605396
0.34965842674947106
1.1283880555764565
0.5597553927846529
0.1369349484064347
-0.008404384689858432
-0.009681611915671368
-0.004879134862262367
0.005342186118839283
-0.009960499697576616
0.007506653984831304
0.003842819904993357
0.011094827594010242
0.04324947809919982
0.02908177602136704
0.00025314485011685876
0.03613903187145114
0.010449725810780646
0.07102153327467021
0.005276825281483209
-0.005063520811892201
0.007334271471368404
0.006422393170972084
-0.008259156115147033
-0.0032996984553811306
0.007877501995477926
0.0008135489382639621
-0.0038936307335612043
0.009771808783847874
-0.0029929078828405476
-0.0009415480536277884
0.009941858074494695
0.006138260878188641
0.0073936722065877526
-0.0016534404452099288
-0.0043178878457876
0.004712146526013062
0.004632579447922331
0.00748309608673277
-0.002546691624233075
-0.007070874258353597
0.0024852050430283004
0.0005672743578997736
-0.003207642641838253
-0.008252167259953508
-0.0024010362957771775
0.007200288946377249
0.01967462878981224
-0.031170490557500728
-0.00879906570607343
0.0066748519182012935
-0.0036599182889400913
0.006879835795831896
-0.007549216716321581
0.006710149707797911
0.00012330857563298998
-0.009791898094036237
0.009213837920424706
-0.092337358779513
-0.20259812050483111
-0.48354586210645095
-0.5058057096266839
-0.3539740977644348
0.02208728725711653
0.03659159035169892
0.29237911702487407
0.15799259016216588
0.007004734657797761
-0.006368776499777751
0.006382068007912191
-0.0007230614129311568
0.0013855838075371944
-0.2865506872236095
-0.3584522111345186
-0.8753666612501968
-1.0895442678130236
-1.4511601868524575
-0.742527639754883
0.10218719175503259
0.24894385548591813
0.4229807645942597
0.3608964627178209
0.00419877143721218
-0.00444788951734342
0.005909929510275467
-0.0026326732746978655
-0.07470889118665065
0.017575251017242336
-0.027645347346585115
-0.2741740925797959
-0.6510146593174957
-2.0496010906863322
-2.573091626268925
-1.2445708700705451
-0.6585302328208889
-0.16119932006864884
0.24138298218528217
0.16768133168720994
-0.0024566552301934323
-0.007575564900025757
0.00794127340315099
0.07715695901948436
0.10917827899201862
0.18380616856072368
-0.043421257044962275
-0.5053228324890523
-0.9113200022755455
-1.2934653181786762
-1.057451406690055
-1.0144802447834453
-0.9166921220257561
-0.24155641417447457
-0.04631597526350814
0.0030154915525311358
-0.008426836795772028
0.0016781258909052703
0.08015233167267177
0.33817084762872934
0.568373885019867
0.663477619079898
1.113188790084994
0.886583256726971
0.48068951861721954
0.13364339949836684
-0.9961529297352033
-0.8499840907526607
0.007310822712188253
-0.07940166459580107
-0.0003039657670603369
0.0046244804021161445
0.006260484521233801
0.007648606115191206
0.6652415036830139
0.7739917668727792
0.2119183084752302
0.41013800255578836
0.14820129237098956
0.5475953897080973
-0.3749939216746395
-0.4605659946452114
0.39471762481525274
0.7318087118980988
0.10772866027222533
8.132200779199447e-05
-0.009709916866427082
-0.0019161208388742274
0.014181319980219657
0.18621424128334663
0.06998497041717971
-0.29873352026938726
0.21946838277981048
0.38658153061668393
0.8102869219723723
0.09098738369119748
0.739161215977154
0.7989235919814442
0.7578268785815474
0.047829591780183305
-0.007533945020684745
0.008885225896654194
0.005708337697829061
-0.5001611494926973
-0.7112288166875338
-0.06894166573276975
-0.14116332368427403
0.6884667444041036
0.7133142563247058
0.08213080764770242
0.02535893528602121
0.34467552984538835
-0.0730787531691843
-0.04700637125444108
0.0679119241796294
-0.003924600445475215
-0.003072083411170874
-0.005134839894945433
-0.43271145511626696
-1.07701827634075
-0.4201051955826972
0.056686175789133764
0.46466018366282985
0.3736528322753727
0.1701361392800352
0.22772536402958288
-0.3061926338363486
-1.030402978012225
-0.8522261617877805
-0.003743374938003288
-0.004839714864241152
0.0038105679575536986
-0.0036195376895434353
-0.1439742442454231
-0.847991560773668
-0.4518550441001739
0.2862037556274514
0.35660210792824765
1.1012517725963826
1.03211757638485
0.7094442608933543
-0.4260045169828614
-0.7244189277534125
-0.18147350761912376
-0.06289650858043117
-0.009365299599905695
0.0035643893374164553
-0.005093240218519639
-0.04878428139997636
-0.05721077419211196
0.1738066365198714
-0.4865463427683706
-0.27228206848684094
-0.30953190312306467
-0.06403735358039381
-0.15514999277063038
-0.3740387992716859
0.0026504502176951574
-0.10648769475301076
-0.0570763268601146
0.005610561294928637
-0.008939083208771457
-0.004006872208959369
0.009002720797603793
-0.028039694619135316
-0.15851495714430536
-0.6334789044630927
-0.7000446329633878
-0.8244556605876263
-0.5274716340027973
-0.6758976401545241
-0.21233805523904092
-0.009636105585980947
0.00529459322329851
-0.008208934132077756
-0.006137466291281448
-0.007084536694069322
-0.0015667037436682182
0.001288841195573204
-0.004303515127852584
-0.001171957910458129
-0.03625080952560964
0.003566591367937738
-0.010731469586913166
0.01761944307681598
-0.008419408117830703
-0.04131267062861372
-0.0015475031136228407
-0.0014264823133830744
0.003947629418773675
0.0037933898963504846
-0.006667211456503388
-0.009988376778768394
0.00547388977621668
-0.006509066739512335
0.0034864336028441346
0.009130871368973217
0.005856370773655176
0.009678338073726695
-0.005209197853909042
-0.0007530350244188307
-0.003398000510238093
-0.004474201934749047
-0.005204308129986741
-0.004418795055094904
0.0034487603305475376
-0.0023542430451386287
-0.007075298332627862
0.0030939512820410027
-0.00881403354928364
-0.004955742172617177
0.00270190301690648
0.0037869051358402255
-0.0011784071478246536
-0.006778176330563518
0.009412158992963831
0.008626000615750556
0.00471941422609296
0.003189924089076422
-0.007268767117869102
0.006127219214483405
-0.00804010288351218
-0.008447718187700223
0.004837176812204394
-0.0015848029685428464
0.006375826290597726
-0.02249759548033876
-0.08322928194347348
-0.23636186193798084
-0.3722762486883455
-0.1523025012125349
-0.21452375469321608
-0.02691270913028417
-0.012891817667694216
0.00257176420089578
0.005212767951978765
0.0006859976859847072
0.009575391774626298
0.004739800547623251
0.00046430648730212427
-0.013824036165462343
0.02908318454778796
-0.5416103971422036
-0.614375110384225
-0.7361587645124387
-0.8349712444734677
-0.7660467569676085
-0.16858578030331003
-0.019748109454308795
0.06655637382350031
0.015006305885687483
0.006587038474253385
0.006251159262029174
-0.006134832404564836
0.17965270047737697
0.031225133521093285
-0.03131421658725444
0.26768787162278496
-0.28785011375190117
-0.42551971761223695
-0.5921487873066115
0.16277512434646904
-0.31941120199803746
-0.13165136745892436
-0.4756018587101908
-0.06806712832990469
-0.001225388702412844
-0.008896523707302668
0.012585670978321126
0.14205217748291069
0.4730286061865999
0.38575548070894283
0.13754109597490946
-0.048299621547188865
1.0181824949444696
1.24587991073887
0.960160962600608
0.49796871499180545
0.03216886581614038
0.044209487506268054
-0.07276384858004344
-0.0029944096237628373
0.007923296795605278
-0.0037548599437821116
0.41507920972993984
0.3787515523550545
0.2210176382933827
-0.23744122865857076
0.18048278817299462
0.7721563046589833
1.5305107645492326
0.6877745714905579
0.5044816920925611
0.15536122714409265
-0.02407620544333797
0.007541606811424118
-0.0031525287775083675
0.005119553960986446
0.005366884507712357
0.3906159184120446
0.24019211345931762
-0.1607679192181745
-0.4953143173569843
-1.3902597275655517
-0.46239156873659604
-0.10038080980557769
-0.5805881841004352
0.6153053016969562
0.2070817926067476
-0.04320482054391003
-0.004681547811823655
-0.007049075376346068
0.002227300616601407
-0.0007774902364805544
0.2510282786933207
0.3305594823406312
-0.1373951170224886
-1.376155468012336
-1.4407260949901404
-0.46315831630306337
-0.30722104217661483
-0.18340309355458603
0.5474685889422742
0.35183108519306455
-0.18026709387197073
-0.07936248884762016
0.004334551948891336
0.005058874585416644
0.0038357054589192325
0.0047343061094722964
0.08159515895424811
-0.200670613555437
-0.709545834652575
-0.5622774983894954
0.5271524611363174
0.3461082663327397
-0.4029009919439364
-0.39556585561543056
-0.4087400635968571
-0.10787163274822664
0.032936367326332934
0.006705929383689314
-0.004495363714863936
0.0040958563481348215
-0.22618958439666825
-0.5595950927057927
-0.7424581862207897
-0.30134502446122874
-0.20870818587712422
0.8150831889644357
0.14294616047616704
-0.6989470349156638
-1.2452242385165593
-1.0640826465194904
-0.35778824202130743
-0.017412440784142835
0.0019057025292804758
0.0004110593142027004
0.006971824191937133
-0.07504486701270902
-0.5125903340430265
-0.5803109766485777
-0.15202709167051645
-0.38151415959873264
-0.4647775798977959
-0.11413751772114676
-0.5732609816217442
-1.4027052434848204
-1.085094233105589
-0.2646592067174659
-0.0016262271924907408
0.00661276754428103
-0.001363721437382297
0.009460849831804988
-0.040438340800922505
-0.1684397591966662
0.040370637919281166
-0.1312421397244223
-0.5881727061421322
-0.5196855333879404
-0.05676218880138677
-0.22477241055896408
-0.26472511780082375
-0.1878758457117429
0.02469491547174773
-0.0013725023371791035
-0.004411906494847601
-0.004201946152502181
-0.009039446531292253
-0.006892477698494013
0.14095488802644615
0.210150478139578
0.349550798293841
-0.2420321280199809
0.06256059612313696
0.264220067089093
0.3128113998814503
0.15404452595628498
-0.09883914467372232
0.004051141659130595
-0.00807421234189004
0.00712863289947775
-0.005103763391144041
0.0041633397875122016
0.004757870050640902
0.005490872378203096
-0.0025956046496365833
0.011086695840351634
-0.01074931243714062
0.018303992551024915
0.07940540290420861
0.06280653081569165
-0.002105261025104643
0.0065455290158380214
0.00499877742106946
0.0014299618802963137
-0.007436821352103003
0.0021627609853390444
0.0008907814325717946
0.00021947670192442627
-0.0022690259879311813
-0.002622676986499488
2.3958417847413926e-06
-0.0051053464884167265
0.00865856022068282
-0.005978701238949263
0.005892634527087473
-0.004915801884431466
-0.006037772724931656
-0.008524892815827429
0.0020612737713116506
-0.004381455778751196
0.006092155237079124
0.0048045400174843
0.007013138966819802
0.003342723006586914
-0.006352197133791073
0.009356216906865314
-0.0022259102937874056
-0.0027784671781891845
-0.012342569063645092
0.006842514878747591
0.015074606106992731
-0.008507357958058775
-0.005272834623045888
0.004795046971734558
-0.007365323602263301
0.009993235184276675
-0.0037844832607342484
0.0032001843234847702
0.0024142864281011377
-0.004518204134160251
0.03638056980772754
0.29756041826587887
0.7234247461692934
0.6758078109641316
0.6994093967186829
0.31716763148776694
0.31201754448345903
0.10347144139343922
-0.001097888765117049
0.004241398981374605
0.006743451073164835
-0.0010124489348198977
-0.00028159275518151866
0.05843044671908772
-0.016469467722411646
0.02374383808475866
0.5831132982407201
0.654599309056717
1.451728999644787
0.44173863149284465
0.4027932397888238
0.08088118178322128
0.43096850454188074
0.006026300780172264
0.011449534438071318
0.007077698567028343
0.002144979076104246
0.00711716587898255
0.026233897869288782
-0.0711081767803415
0.0345781951877817
-0.03681917552320854
0.1856740919351106
-0.2093124303326002
0.3419696337033548
0.3796679816274038
-0.26719053569349405
-0.02550838121848055
0.33558441782467235
0.06169923014395464
-0.0005138266511738477
-0.0039828123453124475
0.0033995285982590952
-0.13861016075266086
-0.5013832590254318
-0.40261413003308255
-0.3136243374296628
0.017295064446853265
-0.15598567000500116
0.0004431271728341628
-0.8718849361522927
-0.6611886943314704
-0.17323867370654117
0.19546443357156143
0.03506411850027222
0.0042069714095586495
-0.0013231183359879873
-0.004724384930971154
-0.0429561276197622
-0.21222823557095563
0.1457982114073571
-0.1375984675573467
-0.648816257364739
0.5867736078065726
-0.27200596024541784
-0.8490708274984976
-0.4150285680751097
-0.06847890713730605
0.5760134850336817
0.14349942419405506
0.00040672443891159177
-0.0027303179795144204
-0.007683648049883734
-0.0881755478933012
-0.5604212672479888
-0.39009416168865274
-0.9684574936659962
-0.043949166474556135
1.2517889424588693
-0.3363258268421524
-1.3884830452816008
-0.36008512747906146
0.24991173983266726
0.5809741824591421
0.05721347138391073
0.008429879063150859
-0.0014653811586404445
-0.0034638145309420975
-0.21570202488772613
-0.5566824033028012
-1.0315013746716892
-0.14505387275984527
-0.10394459892286421
0.7498794752823288
-0.583814264832535
-1.5442433276779697
-1.0883293443316902
0.5349690008294551
0.3859956291739002
0.2234937230084641
-0.004207496819781505
-0.008264750608910744
0.006287196032072688
0.05162329516432133
-0.14474187105983602
-0.18863313758050676
0.39222185930153414
0.6579632291661233
-0.30049374764052456
-0.9155109361706395
-0.5782540540894268
-0.38405558979741766
-0.055929774643193375
0.32733483240925404
0.11739610857964955
0.002810279759215493
-0.00708303505819967
-0.002448939861015109
0.05544911154773378
0.3398790028450289
0.7619844665780312
2.2116527122861918
1.880916256799076
0.4143833525076092
0.37090611249609745
0.7139452469175513
1.0492695309800297
0.5323943486690019
0.4552164480786953
0.012061292987014405
-0.0012925224329809575
0.000720935566676956
0.005808299365245429
-0.026675947806924533
0.4499613125839638
1.2386685993662667
1.0042680133609103
0.8228011722330753
0.5501500268509444
0.3894132474760152
0.13301342482094564
0.7018081345487243
0.45111375536795933
0.10054393307801611
0.014304017320092656
0.006645345497679046
-0.0030468992651449135
-0.007157284627130887
0.003925456699426432
0.18351909140756983
0.16264406337693224
-0.3074900002781718
0.13142241313726735
0.3532023658791103
0.33658939175811237
-0.12353303203213205
-0.03265752561740754
0.3118471310366994
0.08735467178536761
-0.01896617521839068
0.0070553141570068225
0.009384467436892622
-0.0071369781333162985
-0.0024628894942847193
-0.11149344203309991
-0.25372619243382905
-0.0809216077465903
0.1496397743398392
0.25553556694061763
0.533355724131039
-0.0935369276157074
-0.07543729149222411
0.018467150174563872
-0.006247823169063924
-0.005939993000465493
-0.0056882441516907245
0.009781034197757317
0.009582063734523963
0.0004165998328060586
0.007132693303275985
0.00280464515310407
-0.0013478601756139149
-0.05934226602754766
0.0011132464372461666
-0.02048481483365234
0.006311888212399362
-0.008474806288981332
0.004909076047507177
-0.004188774291588717
0.0025582665983783243
0.006287283350224044
0.0014946015366315152
-0.0031161811790118565
0.007744794224303858
-0.0017014726497011738
-0.009452878786012387
-0.005654677596807088
0.0026469332826806295
0.009604080760912148
-0.007790573175688065
0.0006071904689903557
-0.000888046869823779
-0.0006583866915555042
0.005305827149518612
0.008684153298401996
-0.006128807890292751
0.0024026779179116
-0.006004035105558077
-0.006168860388380102
-0.00722469327200605
0.0019169153896738435
0.006914886296033663
-0.0008401387216019412
0.008027166188228478
-0.0005480244459253014
0.0007387452664361707
-0.0215493920355594
-0.025165726024813272
-0.0032929450752053517
-0.008882829164158905
0.0019356981090636553
0.008424155471466738
-0.0018116422308924584
0.0029949700401245265
-0.0071342587972698926
-0.0029250389214718767
0.09099341974968034
0.10184629489613475
0.015721179427375224
-0.21026511640343457
-0.06037124545716726
-0.32947861292644304
-0.273836520146149
0.024025577488518232
0.0727787380641573
0.008529210255638716
-0.009114489801394371
0.004464224504123907
-0.00846780901047244
-0.005103167224708289
0.035339869232212814
-0.06928349413198047
-0.06630252987399685
-0.46823416297463377
-0.1591550433880174
0.8459455680260379
-0.12912148061859213
-0.061513186758002596
-0.6927293136385427
-0.48910212343658743
-0.10166154682047321
0.009380072463843874
-0.003973363480542223
-0.0017634926369703794
-0.08089097901299509
0.0018245573700676988
0.3560690271437921
-0.3025106586481805
-0.9823796581949568
-1.0820679383046867
-1.3606673390637087
-0.06520765068131654
-0.7967359992867082
-0.851761772594361
-0.6159465741584704
-0.012906095958811235
-0.007421200428413304
0.003939356454140886
0.00295383337908031
-0.0732913863902143
-0.04377803689557953
-0.3176145696363668
-0.5349291648113439
-0.5794311447131573
-1.1285673177381221
-0.4305628123483354
-0.34615670314689845
-0.559460602028417
-0.0705648778772021
-0.4722414060125969
-0.0842720457577993
0.0035057863912688007
-0.00011375910195384614
-0.007425229588838839
-0.24061228768399015
-0.6624966221495205
-0.44753978965831404
-0.8531524264880308
0.32004689970038774
-0.439077490771935
-0.8885401574405478
0.37146006478215604
-0.443709905099951
0.9658282720043695
1.2185677306245888
0.010666015731557638
0.0022309601781453966
-0.0014875688260363798
-0.003578832092237429
-0.19667552862734303
0.2433622467877442
0.5048509175214414
0.5250953328124117
1.0999884503999968
-0.7039878962411305
-1.170729550386688
-1.0035331539225136
-0.6246680612416223
1.1149703921781078
1.4093247346458515
0.2229210002626253
0.0008754617517298668
0.006313032578447531
-0.004473147606425641
-0.10381284089231346
0.7482304255659412
0.8944310956552102
1.8543403043630267
1.3011634354276098
-0.47121357450855883
-0.9869363686791582
-0.04708549279412552
0.4187733383991132
0.9055931135408357
1.0580973142117318
0.2093893493110429
0.004247596422080446
0.0005898782552627331
0.004926862276619745
0.07076060634403829
1.1219550164690804
1.5313252087197695
1.2587738739639078
0.4043537273553061
0.20115170440508554
0.574005963740804
0.6843917416374198
-0.17226163540874936
-0.12422083846154683
0.5556030518622369
0.10284297947798068
0.006410372193961447
0.0023240580349754777
0.002048082586995261
0.15445081929987847
0.4509666607297889
0.7305578709923978
1.027792767015094
-0.07590733380327447
-0.13030045670721596
0.4805179907990753
0.14915351386786296
0.1506921542733023
0.3315650044561211
0.46690625948916914
0.06798507403926794
-0.0006879372641557194
-0.0010946227558468243
-0.007822150477561397
-0.053584598108525505
0.1796628266864302
-0.1018211075368505
0.322892543525049
0.6343020417789779
0.05469827260641859
0.4719462814929463
0.3407522709072698
0.11514608034201533
0.20431470001577873
0.07930897764487643
0.008546541872091452
-0.009909794931037403
-0.003481942435145391
0.007302390314741976
-0.02797946774593518
-0.20178622657320058
0.13164339432619634
0.037643198294586525
-0.09462502290195857
-0.7229145757862023
-0.02056640912971204
-0.49110514501893465
-0.6264038003870662
-0.18545424371311514
-0.199421741816679
-0.060120743299052884
-0.009977308139946614
-0.0005496646036494985
-0.005290599699952647
0.009658224169433119
-0.00835668804697561
-0.24946791558644785
-0.9381181263503209
-1.2648499166228395
-0.8970959610724086
-0.7930690725437336
-1.0069752040214266
-0.5861532426408756
-0.18713813177827401
0.006926933555975174
0.005469603738018632
-0.002838049527321731
-0.006173542515775206
0.004345144598705832
-0.007356190737720196
-0.006561269305882982
0.001154078473347978
-0.04213023397456321
-0.004289470424717229
0.0013713463923458815
-0.020055827684221345
-0.0676245076814865
-0.08307183408100004
-0.0017644217426212253
-1.644119168519448e-05
-0.004673760375265623
-0.00047346065692202913
-0.0024783340878292946
-0.007594993409353146
-0.0032107820785803407
-0.0016509737538796601
-8.026314669843174e-05
0.001777555017554706
-0.005644532993953839
0.0053209544762444355
0.006643254583630473
-0.0007867985332374108
0.0042378140105830565
-0.0015920482041636656
0.001763212468633188
-0.008258992941562422
-0.001314038777472026
0.00010767003424697746
-0.00045771157460789726
-0.001644833665392944
0.0027966004880809366
-0.0012515180930893662
-0.0033551661950145875
0.004840259118531841
0.00145835082079832
0.049555786114892655
0.0002764046655316134
-0.025442614067759706
-0.02336539866608598
-0.0023746326142509823
0.009040102005454157
0.005081918248631599
-0.0006366988226553898
0.00355855206948065
0.006012689714103922
-0.002121017977033757
0.007842851862937672
0.004581620092466455
0.04998970962411468
0.10717873552802538
0.14956413802771104
-0.04442707426155302
0.2704530614941113
0.050637429591464264
0.1487785263117044
0.17976594430572465
-0.008155380820397504
0.0007533045760975531
0.008078796178372675
0.004208845673408179
-0.009693255916934627
-0.049465918868304745
0.11546376903505637
-0.03761247453529891
-0.5005761184305515
-0.47936134129937663
-0.6074104220621921
-0.43595623379111276
0.00034202686003963597
-0.40533088684022756
-0.0650464752805891
-0.08099566247255846
0.0027560814470002446
-0.004919094778765156
-0.0063948315748360175
-0.0952228089202529
-0.161711127451476
-0.4236397241423096
-0.937006735432577
-0.7258810825592379
-0.4388564548513248
0.5725748855890788
-0.1378930077447183
-0.7520197702687031
-0.750390880036912
-0.546481396459216
-0.16472692190604743
-0.0018274244142277626
0.0048032029384781575
0.005456318536174488
-0.11963007894776219
-0.5976903173093769
-1.3294119173098398
-0.8957232950586788
-1.1030169568568933
-0.8980879267942509
-0.5720960156421933
-0.6793403117777859
-0.7622630423052452
-0.8231378595172893
-0.4653593069208924
-0.14596449108284487
0.006588622611226313
-0.006084898155665988
0.002269379947994446
-0.3247488505593775
-0.2626012809891487
-0.1231506778269071
-0.06415206475343575
-0.2776919993834705
-1.1622225704305815
-0.5745512061392941
-0.13422181314631593
0.14907750015942017
-0.399431404336475
-0.2937350024948336
-0.007546406423281158
0.006817759440888421
0.007604490217336066
0.0014809060539561474
-0.03358193214493024
0.4002320559415485
0.8103508120362204
1.1124468737417987
1.2801762048494993
0.3765419971327174
0.4694769116310574
1.1113598971626946
0.9629849020849239
0.2798890501210149
0.06894296041320949
0.016001194173292193
-0.006057352972036281
-0.009410924660623963
0.0009636796600268373
0.11494885271288416
0.5820459245036724
1.3833220197071427
1.30661647486853
0.9072829354753539
0.08249697844527622
0.8736754253486746
1.4602641035175117
0.756092629890919
0.05440061383743264
0.1234339816218543
-0.02069172879584935
-0.004031523610545083
-0.009406978999570763
-0.002614495285361669
-0.0840203534813097
0.1042378513340739
0.9770302070856991
0.5539831044648615
-0.009452053580631472
0.01473393353976878
0.8428321649252353
0.36991110135038247
0.3855652309841329
0.1263758328028889
-0.04729752751815188
-0.019128692252198896
0.006566793036120571
-0.007158607412115361
-0.005193291641179767
-0.1917808971054274
-0.3129819772803668
-0.13008538815060228
-0.5145103199564942
-0.23350178935917026
0.337479308859373
0.47736020424388187
-0.08679689596273948
-0.2087746528815276
-0.28818372191961805
-0.22761801568082524
0.03926140208121581
0.004863051582119896
0.0049396888156781425
-0.006538092241826732
-0.018640679633996016
-0.5495253234603665
-1.3535730760066849
-1.2553148943073897
-1.103830168098318
-0.10908157554405727
-0.3114113158005189
-0.3556161537186279
-0.4935456924059682
-0.3971631801491297
-0.014073477190614725
-0.0009455559327857143
-0.007124499939735036
0.00449854317608904
0.006619258569627912
-0.007044555064231587
-0.1025222132493326
-0.8053812906234209
-0.9776753699671061
-0.5107251025412383
-1.758187668161393
-1.4842768247104596
-0.49877930801140663
-0.12697168999894168
-0.03676886651816164
0.055379316528906875
0.019881647052645227
-0.008439487305200513
-0.004959941652297155
-0.005604312029791452
-0.007076581693957466
-0.0020992746858875936
-0.24559365593615606
-0.525365404105064
-0.27252705091305657
-0.39908501930602985
-0.3445819471781851
-0.06652362048653886
0.027230963220845655
0.09093586824399176
-0.005412056957274116
0.004821632398984513
-0.0014011078768377885
-0.003898382546581745
0.004053179856529105
0.0033354273744802074
-0.0006149716605920556
-8.801852642942133e-05
-0.008094087146736085
0.07855006964672738
-0.0029153242209460487
0.015498648249835422
-0.09789587264525351
0.046115673095179
-0.0028937700046361738
0.00011290794254339813
0.0006195131134534952
-0.008901423507677341
-0.008129340019001388
-0.00643579487379017
-0.008783184435843056
0.0013164452027246056
-0.009584750512677724
-0.006200568679326151
0.006227987628630102
0.003836668655659712
0.004152254605557449
0.0019007467447602934
0.0010489124113157548
0.0038765137757486353
-0.0002440750227855875
0.007361164185010668
-0.0021464730231444025
-0.004898438273376036
-0.009107310581979054
-0.003937612020212264
-0.0033925688714122717
-0.00196488056475495
0.009177842287001073
-0.002306736053853885
0.009856658110184243
-0.013671982454550152
0.00863699598271931
0.01969525795103048
0.04695090855383542
-0.0038642478599855788
-0.008107247344268164
-0.003748833206272015
-0.0026077696174265676
-0.007224379413846783
-0.004345246335504011
0.007643173518243599
-0.005370527796321601
-0.008320710374848729
0.014250011582609946
0.2727550263610127
0.18761252118240584
-0.01606639950572363
0.12103118097221832
-0.11639332877636244
-0.13968478932108405
-0.04688337799082883
0.0033718130617975215
0.0037809132129387815
-0.00870115373639014
0.005694483121559362
0.005238840122675242
0.031397596637418396
0.19446214809869483
0.6260137764370184
0.4271393986578031
-0.13417131537150018
0.19221558272964276
-0.26164629563472597
-0.29763244494909413
0.24241830650581847
0.381357459322476
0.02736227418158841
-0.0022400080468099647
-0.009678310046160233
-0.000968801288518728
0.076329562318335
0.4234714478214918
0.4584382451841779
0.8184766896811776
0.21792406687523877
-0.0675901780298335
0.14387538732451338
0.1788957081857948
0.5727902407693441
0.6417047102661115
0.5255914720481268
0.09425504093166467
0.00583396266329664
0.005065899925673651
0.0019374834963446583
0.19781145134283584
0.40865695140945746
0.050956741213626804
-0.08112321001540512
-0.4419767842984589
0.23089559478537217
1.0769211689030393
0.7242148842801498
1.0975602818209094
0.7687189633379591
0.10351115721335377
0.1371256492681526
0.0026623684678704837
0.00479856294946851
-0.0035655187413804468
0.23458970361333853
0.011784870954556294
-0.5905219561410242
-0.7597838610116393
-0.1761336637478197
0.40036393899428907
0.5405430955968568
0.4637223556530581
0.36871359778341123
-0.41192151058567633
-0.229967374418916
-0.04310953301046426
-0.007848602139775325
-0.0036328114358156836
-0.0006363077804225729
0.06211763239352608
-0.08195117648107508
-0.5726267167476691
-0.37305052807268935
-0.1606539795306576
-0.9476126123232455
-1.0721941775025965
-0.7153951174255393
-0.4372756009398627
-0.6216787348031317
0.04922070978986027
0.005134154175257503
-0.008541600394098816
-0.00216609682723699
0.007887290252436846
0.03241849760120699
-0.0013974794568792617
-0.15709265217631418
-0.1008340175992069
-0.6431684850779729
-1.7600480151757372
-1.0721699409158472
-0.44355999166083826
0.12869830985766678
0.47711828954468266
0.1834307732845083
-0.03535303495092192
0.003625852037114425
0.0024510940570972514
-0.005689747036241359
0.03206791566688249
0.15348101105233383
-0.23461013032365807
-1.7216086107005082
-2.258422543734435
-2.042208856827696
-0.4951883925353957
0.745486329420284
0.9094880866524767
0.4241785178483017
0.20311133187093144
-0.04022376178156305
-0.005979103263563275
-0.00539783408397319
0.0024258135780539525
0.1177442823393843
0.38719264373795254
-0.14729357335027699
-0.754095942542253
-0.5848112004108149
0.24523972346007322
0.27729723065063266
0.5890266201153157
0.20197449865031247
0.20514426300158328
-0.19729582369406576
-0.06680758784448602
0.0023726903543332904
-0.001870504775857323
-0.008091904834273822
0.3010007455681158
0.4520096822376044
0.3542733000317634
0.45322031743850016
0.803125013769017
0.6814380089153308
0.21825113914424296
-0.10164381404030139
0.08471264409197367
-0.3427401104527859
-0.2187293492976755
0.007593883099977469
-0.002517763477704338
-0.002790173103505815
-0.00865583541033361
0.006264272977541653
0.19259742991215115
0.6425930525145174
0.951822917198897
0.32633042136007834
1.0533242581717288
0.14153866662116885
-0.25556505123027057
-0.20248348014465872
-0.24927633269597754
-0.0529150314865255
-0.0029244521606103238
0.002792014118254773
0.003407240066034602
-0.009796118332697454
0.007188199767694787
0.15988189096110506
0.5253912627335886
0.2610080757538125
0.06168963526996128
-0.08283902379118151
-0.019007472443389087
-0.006368817060860864
-0.0796980369734091
-0.13701349986411726
-0.001599104506871958
-2.7425289492092816e-05
-0.0078079624320541545
-0.004601792485493051
0.0005688548318101855
0.005864741192931759
-0.008912613625649147
0.007680842969394431
0.01568933465777931
-0.022366928699478747
0.03823928967642383
0.07642502653790623
0.05713367100449853
-0.028976976734000563
-0.007325132287363332
0.0078028131964534685
-0.008839148735750533
-0.002413544434231205
1.0374767295119405
0.009695023481414483
-3.2375707973986745
-3.805837684335113
-0.7950084514907488
-2.160023166608302
1.4166613486850241
-1.6947992076822715
-1.6180952150043892
-1.7422640346227563
-1.5461775647013511
-1.1079792834035593
0.25990552858042903
2.4934511094669327
-2.219054349284101
0.4536820152638405
-1.5359879965739558
-0.009954910040218708
-0.3505537594617812
0.22406160578450715
-4.548257944327946
1.412471893840271
-2.2847849416621147
1.3935598532747313
0.6129237675707386
0.9126411467631829
0.24554199635786184
0.6150655118647296
0.21197288258015465
-2.6785958582791665
-1.5672270213945745
-2.8424010588003994
-0.7737880759339586
0.006409975927264012
1.1463117211403553
-2.8946840227846007
0.23548691592518908
1.3188520570845113
-2.331612452942028
-1.9279066788578163
2.5848529500268023
-2.14138917551415
-3.7069606484100435
-1.7036433813756513
-0.7207157406815923
0.9715883848126025
0.13051129322291316
-1.4235754451845437
-0.7888173828317396
-0.005908616651743435
1.3531300363561911
-0.9999572198808291
0.011357189656223123
-2.0326483723749424
-2.771443190719376
3.145860208654248
-2.274745140160967
0.5747396966896153
-1.8708030643847016
-2.816061987812631
-0.45754945290703075
-1.6725121284440356
-1.549584797979173
1.3793591798277327
-1.89363035908581
0.0040976381023791735
-0.4916158286117613
0.5852448265326907
-1.609042598555943
-2.477102008145745
-0.24698909159665128
0.11948819505878376
0.13662254667699866
-2.6562466031080483
2.052036815473499
-1.910240200525894
-4.418484919221089
1.5112690196638805
1.6157881621545371
-0.8447426647504843
4.221500763269193
-0.0036012321916910044
-1.8124098193921336
2.4875261932831347
-3.2907251089412957
-2.1073599223586146
-0.39839955906598823
-1.5836959989629809
-0.5292014383643366
-0.9389267609275296
-0.2285825563167639
-0.8291905330184839
-0.2575271493730411
-3.4130970568109293
-1.022777878672497
-0.03282420571244627
0.11806788737572475
0.0010405967340849573
-3.510178620513485
-0.7714593841606281
-2.02724087712689
2.1797859560694985
-3.9588784859982877
-1.5598221727407504
-2.6321089610282327
-1.953887547341574
1.915314825834069
-1.4070533311282265
0.7554277642931976
0.09768912323239332
0.9622036222617472
-1.8636976936740088
-1.6358165738659929
0.0045256705634730485
-0.8558927644279799
-1.730445547363787
-0.09209105125602168
-1.5067093254289208
0.018130472821745756
-1.518404203751828
1.3374743976513734
0.4519312821067523
0.24050355681857688
3.358277135446503
-3.4074142066649244
-1.797223765153833
-2.3510036621992474
1.2640970668581335
-3.618164922799092
0.005724978985874969
1.153741473165919
0.9789999385888454
-0.850552260500213
-1.660511843502115
0.7567442103721799
-2.4311605902190987
-3.335240565522098
-1.9186064100198479
-0.5965618925021505
-1.4717888215533872
1.3992082890994089
-1.4352150820292173
-3.0060158460609605
-3.376370150508613
-1.8271870412345308
-0.008985302002513518
-0.6325615726105254
-0.12918887753107916
-1.4730348715743522
-1.7619486625891772
0.5321918724798097
-0.8176991426571852
-1.8935590819567172
2.022312025527092
-2.544864249367294
-0.9262677577074733
-2.3500080517559954
-2.382396493914848
2.5065293576945686
-2.6170709434411523
