-0.0066933992951608845
-0.002278990581907581
-0.001954736256883645
-0.00478938022462698
-0.0048413330776561755
-0.0017177051776045785
0.007084237177540828
-0.0018911087939463018
0.002044354518764002
-0.006906976424180446
-0.0011917188837321426
0.00649532653465488
0.005415882101476753
-0.007688585618566446
-0.006255821488873046
-0.00018056566913569536
-0.008914987073449017
-0.006536030390983381
3.956327366783201e-05
-0.0058357389193585164
-0.00926829416296407
-0.032811187986489146
-0.20409724965953793
-0.3118196623002126
-0.19103270856248575
-0.11070267663030933
-0.0753617857212638
-0.007234354293618303
-0.002566767223082237
-0.011623583489257282
-0.0058890616984964075
-0.004663738876557939
0.00718595380731641
-0.005221439528908704
-0.024446640421546827
-0.17810759832054623
-0.5258832006034395
-0.7180205716681262
-0.4991667404258174
-0.0884066182547802
-0.15368466731126118
-0.3378055817387086
-0.09958340363650725
0.08144552174601127
0.13987568267961428
0.06449979677624947
-0.009809442663731243
0.0021968222895627186
-0.07083192610788919
-0.13706763137589867
0.15094730793860145
0.26604147309930226
0.19812894447732673
-0.21191291720271332
-0.3275631749713907
-0.4955469952828506
-0.6311380618070204
0.12345142088659666
0.7374237899885356
0.6402805076466774
0.11841309288252186
0.008166707809895974
0.020055355324004532
0.027387844049775796
-0.04532379453064565
0.4319116288486402
0.7935224368584727
0.6877098207341704
0.18417386211510453
-0.6234205241012151
-0.3705716181769573
0.3152943671684166
0.9366708737144147
1.8343595621867046
1.3528409590644834
0.17533672695011565
0.0090712809927468
0.020270836851303382
0.21323029522814177
0.4663258246900859
0.7424554380423983
0.6498422660640185
0.7260718383863924
0.6609498340948827
-0.23422799802635003
-0.3808619948926448
0.37210208929527067
0.8817484063788142
1.3348475873596335
0.9646746105620257
0.1572970446411099
-0.006223489961081366
0.05371522979558483
0.13949023196734825
0.6037478130246379
1.5740576572890577
2.0374575137184583
1.2759049708156673
1.3782396523004101
1.0072574698898704
-0.5942441678592775
-0.21837757535935895
-0.010755389992556964
-0.29567031747537525
0.03866508341710769
0.04497926029118963
0.0044713327476406245
0.06279018982939125
0.009378932390413725
-0.2016506034913785
0.15934155380529863
0.7443133081673967
0.6180320468805706
2.174608898960209
1.6111930281714004
0.03804278263030011
0.7342470482513408
-0.20972898599724885
-0.6844676872297797
-0.12434128735993519
-0.01439645154695061
0.00994004599379261
0.026456175979666638
-0.12845445308687983
-1.4082960407547838
-1.8746856348539622
-1.4618484547717303
0.27805055918098776
1.9304516091454467
0.8758581026073377
0.2357462556660328
0.16225498427158128
-0.10898548744672744
-0.1326854719017194
-0.05066003646509261
-0.040186649405489626
0.0005398694026008833
0.00999256980125288
-0.33544355360672745
-1.4007232113903545
-1.2692352976796033
-1.7808758814132795
-1.0837954909052954
0.5648830245289265
0.3585739345969759
-0.4943858760522011
-0.8792375403204008
-0.2687315328987745
-0.3058850966683228
-0.20583263124794482
-0.04572789168435283
0.0019533671869861186
0.020371594535608266
-0.47576773208857
-0.9397801757830875
-0.45655737003577246
-1.3605866631340102
-2.2203933769895743
-1.013290223225998
-0.6964896492320631
-1.352438395739846
-0.9510667519631296
-0.5461370141942543
-0.9578832656708014
-0.5921296331035077
-0.021072438912343117
0.004169647421011497
0.00839456094848611
-0.20728009944478099
-0.7948723242715927
-0.6253125115398127
-0.2201923501352288
-0.7619654811210372
-0.7898889239723257
-0.682514230062316
-0.7411864377576748
-0.4939983530393237
-0.7959036295406268
-1.008406082461492
-0.49577503903652104
-0.02378483087859195
0.0007126214020865811
0.0013296633398976678
0.1004916248713898
-0.044967113839670794
-0.08188724780606482
0.2871120241865624
0.38251593891239904
0.5603095107141971
0.2706936253583881
-0.1114041350193013
-0.06482954010157645
-0.5142641943725084
-0.5981869496105269
-0.15125804964736572
0.0035279153451812802
-0.002421705741484359
-0.005437547689887848
0.06284855380448783
0.21041276863937128
0.30142006722349435
0.26305204170441476
0.3765395786607321
0.5661409358038627
0.34963219990249783
0.062265624525384596
0.05906021719827934
-0.04164935866819058
-0.10035397149011661
-0.04416128697034061
-0.008008646820462668
-0.003658596484561796
0.004767266880026308
-0.00386708382435724
-0.002463401200373394
0.04124014914307607
0.13677687817851547
0.16657293088314729
0.11898842322941483
0.1535304768542667
0.17924820977656342
0.06049070600240815
0.012462011149136948
0.014500839897158412
0.002880885616241516
-0.005982088742872411
0.004906405996675987
-0.005817954588820977
0.007890417981912338
-0.006931935178807674
-0.007903522225332365
0.0012558816712225414
-0.005597342730713216
0.002760087114213711
0.003041204700890015
-0.0028124501480915253
-0.0053261211176466655
-0.003716677665237556
-0.009436684748558091
0.0033390250395696347
-0.007739547259554945
0.0052148424189958215
0.006786357319709535
0.009236752634825351
0.005263953255143415
0.007842594349213151
0.005972780029429491
0.003110949902967982
0.034889416189266005
0.06958148823489403
0.0265997824092782
0.019481425216844858
0.08336628043763397
0.06934437351666217
0.008288962689593237
-0.008230630294060244
0.0007521342406574209
0.009292240765029913
0.0073713304556917636
-0.0016973258514728278
-0.028453602294451142
-0.18254380516506222
-0.47612851662238354
-0.47952533396857827
-0.7003916277115156
-0.4841481007690926
0.1973794082156918
0.13975138111872637
0.045591511576842055
0.031181358948215068
-0.03544738437075824
-0.011882048853540213
0.00716649975630273
-0.0034410049066325244
-0.09217001817038953
-0.2932084885898112
-0.4773395506212803
-0.34146012395898034
-0.27539622388615786
-0.32601354842965113
-0.2121988667252267
0.30521762526285184
0.07242668798285738
-0.06556296041556194
0.2565485364295881
0.1052923895347133
0.06247635527630641
0.0009470905508694206
-0.020154774704449402
-0.22910602116922274
-0.7889069016654122
-0.4891905178250015
0.10311327537112687
0.0002156275123429728
0.12024479071332424
8.785381728698607e-05
0.22531394640530733
0.11193481803318006
-0.1049887421969509
0.8509100931909613
0.8634230521452927
0.14790611751314942
-0.004325698490709949
-0.014466647541382426
-0.3196782019213777
-0.8711242459994387
-0.12272757735129321
-0.06427201413284482
-0.1678313237010785
-0.2753560189000337
-0.35048937506698397
0.6109224443943565
-0.07902426973334029
-0.5610963665556857
1.0405854461158395
1.3012011356618067
0.12803018891401097
-0.003167517155328492
-0.022768025042126987
-0.2673892640466216
-0.4784467572552665
-0.46286232732924076
-0.8843539552710542
0.4044889445902442
-0.017107542654111227
-1.5345436488333772
-0.347198068855071
-1.3649923633939856
-2.186895872528397
-0.28302429608710533
0.47968978128157524
0.03082002767090531
0.005196375405349533
-0.02598550776775781
-0.12292038111832057
0.2918001333832802
0.049578784333122586
0.4433996086158245
1.197018523074393
-0.7025119155209527
-1.7356644394769163
-1.5360090458485298
-2.0145355838189816
-1.3734757824388923
-0.12620302630110053
0.16592362359909782
0.00944582992584754
-0.003250531455611212
-0.007457128422511796
-0.2553740311559608
0.49976908159687566
0.971577072435479
1.9606104063851062
1.404338920961891
-1.1942017476304823
-0.5864418612617213
-0.64222865411582
-0.6951207204669366
0.835434270002909
1.0388436017998892
0.47627504962896267
0.030485553502480413
-0.002580113719368184
-0.00907781189142165
-0.14074299489643044
0.9693224388791113
0.6465166757484417
-0.32863990947151334
-0.48082771086307136
-0.9844047531540405
0.26776568138663526
0.933436423213299
0.40359631916175204
0.8053899086784059
1.027694352420376
0.3674983231673339
0.032916249721093534
-0.004695375772588313
0.0009812346732544267
0.34581588064242275
1.631095429998905
0.9976465475946406
0.2647655635370853
0.9632280211182613
0.6972200382876034
1.2908712406459568
1.5695100903089967
0.9021491396945064
0.9083182898213252
0.7963012099591324
0.22066536142540197
0.023812432247904736
0.005643242656908286
0.007217672486249688
0.220170855504797
0.5247596324843283
0.677166022972996
1.307888912958221
1.2474496922402054
0.056497503841301824
-0.151030288100318
0.33076611371075776
0.9365453560199883
0.9416100027108708
0.30766505223613716
0.07717655285236337
0.002056796287843107
-0.004526527542920242
0.0015826498173362542
-0.01577404317669503
-0.171227871411767
-0.08491023558082546
-0.32310809477415214
-0.5298311293235992
-0.13658423019563995
-0.40094500480817746
-0.6204554676598912
-0.07383361553580252
-0.004447788911157528
-0.12136371599914157
0.006818433599667555
-0.0015107913067109913
-0.007944128496184455
0.001873715619102738
0.006818139706048732
0.06556122106761733
-0.23281026348526468
-0.6665278663780431
-0.14978330590039055
0.32593306212427564
-0.13208743230628647
-0.6114135397611677
-0.4898195311650855
-0.40924531460759744
-0.2682601664155154
-0.023710122007527163
0.0007485285545906686
0.006678651285118601
0.00048338375060801887
0.004314361909903106
-0.016783246744162372
-0.15395897133167358
-0.2785588547043602
-0.35915556539105825
-0.5951170941740909
-0.5789482813980922
-0.3673314583661094
-0.1973388003411917
-0.10502439119794744
-0.06040673422014758
0.008985483926555076
-0.0025742939603086382
-0.0016042442157867334
-0.0020523778588122706
0.005696282013493538
-0.0008556182315693998
-0.003039142523900886
0.0019393942450569128
0.008187318107256777
-0.007866293274399014
0.0034860512538974382
-0.0038136640086829958
-0.0002897399182711386
-0.004780329036264679
0.008116450200121339
0.006126581904062045
-0.005498249739466859
0.004577833742765729
-0.002852360726948387
0.0027632268392175276
0.0019573364896673297
0.007266542202751998
0.0012439817518135787
-0.026652006168237603
-0.050660804061655774
-0.04049082209141582
0.08433700267258679
0.05705516502249157
-0.08375996109806579
-0.03571264455342802
-0.0017577166309061653
0.00884533427588388
-0.0012815338658406922
-0.003559272511498808
-0.00350464153800359
0.00047218205987166706
-0.018618724604183467
-0.09589650977123233
-0.20574774448527622
-0.13720758085270296
0.07892974306337561
0.05805645201344998
-0.3313234424315948
-0.5187949053342539
-0.05416135840322143
-0.01657349737799026
-0.16744485840001722
-0.00446725557010324
-0.003224524047154345
0.0020869664380317957
0.004803456668418357
-0.08204134736619419
-0.28984549226158296
-0.7976352292815925
-0.6339613984451274
-0.11198236448271913
-0.308352450035822
-0.7179779202895316
-0.4618360627871817
0.05783471491790319
-0.26904092042214967
-0.352417579119974
-0.005274663529371101
0.0008228906090200841
0.0013056121520133449
-0.01468407586547593
-0.23376065622232498
-0.6068442975064866
-1.3125200054072248
-1.2824972752061061
-1.2250838108222122
-1.175090072830936
-0.5948392160023036
-0.23753051028089398
-0.2503987040034515
-0.46047836132604447
-0.14585873560597912
0.016072671930971272
-5.329700234905227e-05
-0.0010375496059825142
-0.04106393568643759
-0.288035912813514
-0.6742736970602428
-1.1041110407431467
-1.643815848169943
-1.3816607009349193
0.4162332544818416
0.5698432519631766
-0.5209730576258093
-0.6115711429680604
-0.29176612566162574
0.022090800647848297
-0.01153968013772942
-0.004784450588735916
0.007510877717158704
-0.028901669086857693
-0.12515285452739783
-0.33472333810325006
-0.616783458709187
-1.6210355870315203
0.3772177931420111
2.02730063928828
0.0560015528634183
-0.6546513301489831
-0.4840005263271749
-0.21340914676753672
-0.05034603631495995
-0.032629549640492646
0.006406675807908853
0.00975072127464986
0.005188926086910742
-0.05534937326286945
-0.08726858189417899
-0.16528354927498867
-0.8078262712037827
1.2537335168710142
1.4328512741896158
-1.1543844969890618
-0.9279099413044617
-0.42465540917190764
-0.1963593481310695
-0.03256107133900279
0.008485524182922703
0.004674646918912697
0.003465370390483942
-0.0037184135614096087
-0.0619670816989087
-0.21040459086688734
0.053704264587058174
0.09267177026053855
1.200503225628679
0.8789620236486049
-1.248944217182012
-1.0847550146620308
-0.3841346050736156
-0.08022642580188431
-3.608849343684087e-05
0.004250378585722175
6.574042674979165e-05
0.007397142121808305
-0.045533569842462936
-0.26568770023274363
-0.47170901904575385
-0.07346292615440247
0.6891192923501543
1.690029946366299
-0.07034500460691627
-1.88058616672348
-0.7846811866429785
-0.36076501415827505
-0.13368653433866856
0.0018497915025329364
0.002472119991997084
-0.007807706329107833
0.017983331749365245
-0.05897296936273374
-0.5588933275504346
-0.28862444397931925
0.24076082779038452
0.4235767235913926
0.7251539821067432
-1.108548414847749
-1.8411998396652087
-0.6179606875261995
-0.43229255407939504
-0.24781090704188447
-0.02917053986290964
0.0054204500252981
0.009367530284617702
0.01531178308754933
0.06041637524740062
-0.3648157261436394
-0.17065614671084606
-0.05332616210504353
-0.9606970521728415
-1.0472255073297032
-0.7958424627145586
-0.5633409864532831
-0.2687855671639371
-0.3055313032105823
-0.22283912260283673
-0.033235763266566166
0.009410986386779162
0.00823490816863605
-0.001424647056338557
0.05214327775760043
0.24460844760924225
0.03571315430416388
-0.5301445441423571
-1.0811684582938537
-1.2243013168696069
-0.6259199885247708
-0.006640756567709343
0.10977160963247551
-0.0682927599683029
-0.08793535541017972
-0.002875433390223519
0.01784658703690508
0.0071353443969973136
-0.001174057496452631
0.0034849065354952157
0.31046058994475817
0.19666720934897367
-0.29867698894406164
-0.3549667501545249
-0.6285073142782008
-0.8150688373051288
-0.31658179705035977
0.03061443606233902
-0.005613422728619036
-0.011530154413825737
-0.003504888964148228
0.006376377697460583
-0.0037567440195226997
0.00969252497888668
0.0017145450107980832
0.028779269417183898
0.01943389131806496
-0.1336743346256616
-0.15319957603705905
-0.1748682756353375
-0.1283996634359666
0.03738456939637046
0.05518894820701316
-0.004121425133767944
-0.00870907598492042
0.0035107516324441052
0.005585878740792487
-0.0076874400310946184
-0.006744373284646155
0.00432949618406458
0.0026972260585403206
0.006468641174994677
-0.002111887306286914
-0.005940145724321054
-0.009291334985442774
-0.0031552712323765107
0.00868628866381988
0.0072563158841072155
-0.009857821138547612
0.004828790362821864
-0.0020727889782017166
0.008092202830078622
0.002165963127156407
-0.00031737772196172194
0.0015903259577014356
-0.0005153678353983764
0.010897155466162408
-0.0008969079076946006
0.005606631736391698
0.039324086382502156
0.060107003582129254
0.06085659055363973
0.07150089762604395
0.11357889181162312
0.08553777991561397
0.023128124443034276
0.008513961576800805
0.0016623790541102287
-0.0038327339373586547
0.003916112573255114
0.009565555143120553
0.01755358114701307
0.1265384910080127
0.25134967206047903
0.3819935220214052
0.5558676110951039
0.45480729589733176
0.19487615608423411
0.17812302755953327
0.12307802149891467
0.012361894939911642
0.032617598551656184
0.04006676399321853
0.001796171381397281
0.013658115795963398
0.06937608003159185
0.1432470221679059
0.560537114431128
0.5897539038444791
-0.13396984953644003
0.11739687895824302
0.3218913644453446
-0.030120085400812867
0.06324296160223505
0.13064628822276358
-0.09647374434509069
-0.17304952234239582
-0.017638213711409344
-0.007933474268132411
0.021120597269829823
0.14939790854714619
0.30554063257251013
0.8086741037822884
0.4115468662170927
-0.3182469152622829
-0.06740051641740501
-0.43038354390255956
-0.2598282912400128
-0.2066918307429489
-0.3816563080191813
-0.4695602359125074
-0.5790172283905793
-0.1067134985019358
-0.00805621234970381
0.04952656941313261
0.39201267814959423
0.8739008852763817
0.7367528980196798
0.7038027631645581
1.1924421312722613
1.0847496552692688
1.029001500215133
1.4695417059409717
0.293225984680031
-0.11035862402589974
0.3300444397825405
-0.15523126561953154
-0.07568985011445221
-0.004293302838627185
0.11311661963306262
0.391829923490895
0.4049909794996659
-0.4935334691380895
0.2302127456586737
-0.3731920923377688
-2.174401023488636
-0.890862842217099
-0.2702429449062933
-0.16480635332691518
1.4014695328429885
1.5801603410402072
0.3484116746085421
-0.015157806424706294
0.00024138763577457277
0.13642183616774786
0.18608579842993098
0.07111423351948849
-0.22033892478175734
-0.24704007981551626
-1.8650761384462056
-2.7252755538382587
-1.3581791706116533
-1.1837042829827678
0.29924902850727686
1.987883405037371
1.3227446948579005
0.3473445454427664
0.0768691648941659
-0.00015642708622935764
0.08248508396211827
0.07719442709840843
0.8136396968695727
1.6981595616332232
0.7095395171971384
-0.7970123286199284
-0.37412403609481315
0.40208418271974145
0.4074614248956167
0.6077583764965394
0.2702026830691363
0.21804451188919613
0.4798020859777417
0.172233035884352
0.001737555736648801
-0.008830526443845096
0.04229777409435861
0.18332417295295453
1.0250141441925817
2.0564594969180217
1.770525018850259
0.7378040772337195
0.06677259998202008
-0.619868608095796
-0.7714624483463263
-0.7355407141905617
0.044243853578309345
0.6958089760631015
0.12973268534099394
0.0074297971253271065
-0.10545554228154395
0.06524805254394947
-0.5260204629775518
-0.8637729132795239
1.0673930495549049
2.074814465627065
1.442825502129867
0.6740603689646971
-0.5819270083075156
-0.6256499743192723
-0.03708001365371587
0.5541927635610095
0.6457943878949092
0.053431186044576466
-0.0075759728689969875
-0.09598507385475681
-0.09788472984411459
-0.28978200805461113
-0.21931595098977297
-0.38115667086915145
-0.5983555953126458
0.18614902277047995
-0.11403859063324932
-0.7195976052695118
-0.5535358930377522
0.042007157875608846
0.6793239580182446
0.3404537473498744
0.020406732435013408
-0.005054772716760179
-0.059261881539727265
-0.3010076805757151
-0.28246038305832466
0.09953844706391271
-0.5428782016887121
-0.6849788784367448
0.025931565373710875
-0.13649444270434324
-0.07096282711411046
-0.22041818066206167
-0.07283345024955422
0.36817215007348764
0.11375759435977158
-0.008991135312592703
-0.0015079031033932468
-0.045639568320529074
-0.15627105767221217
-0.35794137828665823
-0.628030224188009
-0.5156426573903161
0.06705827436044626
0.03539188541410478
0.4349684711031665
0.8905943355161957
0.2704226963374445
-0.07633281939452126
-0.04598212057048008
0.0039301190160381284
0.007116487835784181
-0.00276815621172924
0.0010226990523809106
0.006842524931886978
-0.10430288846237153
-0.0964320501961625
0.11827714753357661
0.14921534473988077
0.07641138837133028
0.33979730933924956
0.3029605910904679
0.02405264176231834
0.026790730908055893
-0.006776188112999681
0.0045542619347710995
-0.005546077393079711
0.0028728321908260707
-0.0035864267498527313
-0.007650712557173627
-0.0018946249831392394
-0.007006127639063422
0.0035251726370763483
-0.007422525998343825
0.0073827954830571595
0.00832017183492983
4.588101814747593e-05
-0.007341549832828642
-0.004395199855512473
0.004481600767037661
4.694533881075165e-05
0.00830689755417621
-0.0035847359142923895
-0.0009592330086907203
-0.004960186688244435
0.004199094254157713
0.009836795378065118
-0.004107424897191501
0.007002934883975698
-0.0819069038454859
-0.051281933848251623
0.12866079019775722
0.11702502718820318
0.037480373971187385
-0.0006650828097796605
-0.004646224719423595
-0.008658746867017028
0.005238728606198964
-0.003195568688856734
-0.009722593653429003
0.007408513643168652
0.02001643664152363
0.03176539063174833
0.01098227885811674
-0.02431162133429432
0.29318901689523935
0.8602726964724623
1.1082269637360542
0.9853129829663829
0.48308845952683915
0.0906790863496382
-0.03346649081063426
-0.014000209027214529
-0.0027468691124233604
0.0032212927786318007
-0.04241247998770203
0.24083279127793428
0.7481211631364384
0.5779998138407481
-0.21114386230249876
-0.6206567434418641
-0.11528686870172306
0.2706729373136504
-0.3103656381347471
0.3932779028413269
1.212725392025728
0.48156663594490867
0.055965105341945244
-0.0015552217480881252
-0.019592731656169027
-0.13088402932399085
0.5119720886324995
1.1959470447065246
0.05619310074836528
-1.4088002001065756
-3.344070169678164
-3.811713281168854
-2.8368032010313025
-2.2906230794724123
0.026243282390422888
1.4896688502768465
0.7240773133648933
0.09946392044616074
-0.005276772125995531
-0.04789724972425419
-0.24870279548713434
0.024661517991006004
-0.23106186295395503
-1.422794063251694
-1.1921087752846145
-3.55973228452803
-3.429362479887893
-1.315173013446668
-1.5533270181282726
-0.3013601861719087
-0.017883134251848683
-0.03784119628319526
0.03238849146183645
-0.00940650077311378
-0.14240377832086631
-0.5483367535231937
-0.907980039542801
-0.7680659107042366
-0.9760864794159892
1.2768653709498057
-0.2064017285995084
-0.22299984981083537
0.9959940815438315
-2.4241675695373193
-2.1731882341356257
-1.1550632854612009
-0.44041106470112756
0.031528736493984647
-0.003467285340202084
-0.12708155912512084
-0.38668847167677617
-0.023247115622329517
0.8613806041029702
1.532354862425726
3.1669340177870082
0.8218047291428178
-0.7035690223464692
0.6650134159135286
-0.8619517887544558
-0.4716897160767518
0.2336533348874027
-0.0462921150036971
0.0003599837371970157
-0.007664202794825017
-0.006731908487892827
-0.061309986676245806
0.9775814007974656
1.6163685013977174
1.1038395603997766
1.0537348306283314
1.3659921508376982
0.7459867951482407
1.2412574470738242
1.7053665524880688
1.1109366610936136
1.057660026167789
0.2841453026580204
-0.03198050136116016
0.006582950728638527
-0.016138635163561118
-0.16859946262313405
0.7369723355603904
1.2891592152680162
-0.7934980475736991
-1.0445079432424502
2.122312751904678
1.5743424489012139
0.41062376876612744
0.49059779130871944
-0.2082967161788583
0.412485765654763
0.2741710567434388
0.001519740628534053
-0.004535022016442936
-0.03141706193828402
-0.3324803286053161
-0.10824479878723636
0.38473426858570925
0.2815023571106822
0.8286320553454782
1.066308060819092
0.19849795747107088
0.4544158853215053
0.17130043481766788
-0.1658187944138467
0.43478358051923466
0.21393778124139423
0.03238969707219258
-0.007194213630878202
-0.011947341114301598
-0.36293564081789664
-0.9537564861504108
-0.914144037036827
0.13413951837247787
1.2728735027695273
0.8636168469491595
0.7682871815941339
1.3702352209593949
0.3571477357747956
-0.3657040400596384
-0.06006602528840649
0.057355879834688935
0.06185541495296572
0.0029031581993418376
0.006579098526304815
-0.13051463613782757
-0.5225909455759845
-1.3603356865518546
-1.3124063367451582
-0.259934279897163
0.4533205812728004
0.4705883588821927
0.28102411017956175
-0.3426567424942821
-0.606995662692294
-0.17825106105170352
-0.03447709094195913
0.04873405135211344
-0.0018910370854676537
0.008111923711339479
-0.024567780507857174
-0.056289227246304
-0.9451779897320552
-1.3948306392463619
-1.3678682998535863
-1.304090347453892
-1.2985607309854952
-1.2362042969316975
-0.7625572510625958
-0.457118537194918
-0.03342949083214599
-0.03343215972105078
-0.009691266164051516
-0.006064396519655228
-0.0035636591518737725
-0.01128511768302307
-0.02835748743318892
-0.30133819015323554
-0.47254223944023604
-0.8841730033300995
-1.3553278488048395
-1.3126112865311643
-0.5675946828497516
-0.021302825285794583
-0.10036578557544128
-0.0007503269395567207
-0.001310806474190412
0.009907304268657552
-0.008381714719864384
0.00406781397110377
-0.0003859788582519716
-0.007230053431105883
-0.0002272581400608667
0.0023994326202794788
0.007542650492038986
0.004648493175588915
-0.005988176733209096
-0.0030836995074326624
-0.00615780951709707
-0.0039557570233070384
0.00807356991835183
0.0051470114052923985
0.0018270002632274022
-0.009804063803793664
0.004297487663676072
0.0038604891076139663
0.0020640878920275304
-0.009144633609427135
0.0017164924195757927
0.0645625860175408
-0.02093880497777895
-0.15472702918034215
-0.10398104165796564
-0.07574830345337476
0.02751708539149062
0.06144520757545189
0.012671999432201517
0.003403209206921052
-0.006996730263115498
-0.005019169912536938
0.0074868435776231914
0.006375980075875607
-0.13673664068004096
-0.650382091463229
-0.7767726253515028
-0.1110717317267234
-0.07423450979776089
-0.42355746728375604
-0.3872298459145923
-0.046479849968146636
0.45114544190285066
0.4340568497579751
0.13614126750945987
0.004248777049249035
-0.0026061608206938477
0.004316273111111601
-0.18649274330764376
-0.7216119694644827
-1.314246975323312
-1.0053350285108291
-0.41913470539701864
-0.7372996452337277
-0.5845279162578562
0.06652843104677617
0.10704653136945429
0.7613213264764561
1.1862260854925608
0.464026866635976
0.015688460561966155
0.0051793012318704975
0.007159577759113651
-0.32711275572140963
-1.205536859716245
-1.1106763732163805
-0.8089883682400832
-1.0214480102738879
-1.6268964087484648
-0.8589120126334909
1.054138269228194
0.618386739580629
0.6442683746595054
1.5821852254173197
0.8518148478339547
0.027600886940100215
-0.009103563125501854
0.0007988614481900959
-0.14352348170922324
-0.34457450979732485
1.3688575271747656
1.5123064176486813
2.0809734357411718
0.9885551155939267
-1.6151730804587014
0.009864471512713243
0.21080938253736137
0.23697834175524368
1.2016505874908099
0.7341470884700012
0.02718439226186333
-0.007475914856246335
-0.010760072840659302
0.06253475293145376
1.2067689127576258
3.654403290763362
2.815191814482882
2.523730138480089
1.894717771986659
-0.34054313029953626
0.4421892847774916
0.5592738186456456
0.8192303964897444
0.8849484450807864
0.184990740600776
-0.0011852954950346752
0.00036018263704924725
-0.0018506084718388608
0.07066985763447989
1.3109800936999432
1.6365537147859779
-0.1572362203568897
-0.4777756475155269
0.07158718854069798
0.344468533062361
0.24290746869604493
0.2672544101774604
1.0172243252565283
0.7981467836554909
0.1819750250668199
-0.012258294783826947
-0.006757739273267334
0.006915259167478636
-0.41844714085737955
-0.4665430902120175
-0.6003439166610613
-1.0405692247176224
-0.020304276760969957
-0.44447298164248483
-0.6030232299684097
-0.4720755686108456
-0.602698247190451
0.06741424462495249
-0.008049535773689973
-0.03169322299888343
-0.10294494380422704
0.004085351914665778
-0.03505812616700943
-0.8146593666507788
-1.0592526432788563
0.6700487283120019
1.0067591733910572
1.078734734026067
-0.5372055824690309
-0.5650041378695456
0.3569779230013252
-0.5881334942572185
-0.3279632015521365
-0.8533997696007101
-0.5583708428978856
-0.08483573303238119
0.006805382985125763
-0.16201217577733956
-0.8893494426582389
-0.6950993518635559
0.30337682367579416
-0.04214768421054237
-0.05734737474993051
-1.1347832904941602
-0.859454196059492
-0.5310323357321615
-1.1607494053108272
-0.34012077174246047
-1.051732446652161
-0.8148108437280099
-0.008701127835413889
-0.008713192827579569
-0.14164154980925536
-0.8330348013206204
-0.8136785110202579
-0.4073361819646368
-0.8164127200035678
-0.1604088552895751
0.025770725534707058
-0.019576207711258703
-0.24951611934608356
-0.9626462313436006
-0.6169525222505633
-0.8098506707802049
-0.6205557962675342
-0.011766997511104585
-0.00011438526136218694
-0.00022531432433301217
-0.5075726720068067
-0.9052040567864987
-0.617944799107023
-0.39807497477752707
0.4283378837248618
0.8315476186614668
0.6297570660414703
0.7511397716280609
0.2521467346346621
-0.3118299754171415
-0.38384873221438887
-0.1998841223823883
-0.006851016693016831
-0.002598827598875626
-0.008872926292262332
-0.19987134658771052
-0.6334362631360883
-1.1140172701343118
-0.9189494087345739
-0.3587265832713841
-0.12895780065782328
0.1623696879457732
0.5736474901422195
0.6628869708587838
0.21698172497937737
-0.0789283185157823
-0.05486432864528079
-0.002025703372616766
0.0019595918152313166
0.0009490722976503337
-0.009391008878519114
-0.04957377550296527
-0.087365022909398
-0.05584784229956317
-0.03581225268417099
0.060255943776331006
0.09738467690183601
-0.11101847331108672
-0.10014181285341651
0.03598115109102189
0.002549894044943997
-0.006153072950149668
0.006702224767725836
0.009937552626535411
-0.00696341893405312
-0.0009352012542956419
-0.008616269654821986
-0.004837080620335214
0.0034961505932393083
0.0049477411981421505
0.002906420766640031
0.00576694887639957
-0.007118503497534694
0.004686252131305715
0.0002736923962555031
0.008888026840728884
-0.005672185642993373
0.004724724010955797
-0.0010997943437358656
0.00449256343534701
0.005423556177099479
0.0019701873756021713
0.00848253282691868
-0.005885453529627028
0.18150794497871892
0.3540170471667403
0.2863953822338762
0.2750658925456996
0.166979161382036
0.0793050950708532
0.05803725845591405
-0.004027446661236389
-0.0038875418407436015
-0.009063803042045944
0.0074829007035503835
0.00955406459834085
0.008439697123987136
-0.04701750216354607
-0.041985256250673016
0.22698925178784227
0.32685068426910974
0.11198665869787643
-0.14505290143190996
0.024233207147213436
0.538278440772529
0.5858725253970465
0.20369591263051728
0.003948924497618363
-0.02415523175025321
0.0034818589668632657
-0.002579714398279511
-0.021196311938554698
-0.14916486808626195
-0.19365919311378857
-0.5632060416819633
-1.04697048134726
-0.978199617189255
-0.5752454166138451
-0.38517619611302417
-0.21747309346431443
-0.08454184616975526
-0.12248711260341152
-0.12344778668786303
-0.03452169488678789
-0.007310293852183836
0.0257451673406977
-0.015233870088594179
-0.11036318990779072
-0.8254429078336586
-1.3978847108746855
-1.2781512517756581
-0.6537688281978287
0.1122230127870767
-0.41596034434083734
-1.125347361542375
-1.356198966900918
-1.7360084383317143
-1.173043953550704
-0.23289603223512817
-0.007978872840427614
0.013979524700549386
-0.021356105077357974
-0.24348641242414204
-0.5277260307930818
0.10751061096607394
0.2657000439173217
0.6066948242801331
0.22519479939088272
-1.1539820396057496
-0.765768602985014
-0.9506369498226698
-2.0575574642813423
-1.4878086882651802
-0.25427707856976145
0.005783328739535748
-0.003816119614305671
0.05848692455435754
0.1881257772288263
0.7047368186118564
1.3114169071775765
0.3642464790546126
0.15288377074737866
0.9577586418106001
0.5262795145646529
0.8901102612747914
1.2404498414774454
0.016288830497852312
-0.43882560562469325
-0.03648983886834169
0.001333567500303147
-0.013614223681900439
0.13659084633623553
1.0863580446502985
1.4581826154016928
0.6396772142972972
-0.012500621064956498
-0.6533331388242763
0.928547071218732
2.005103625077199
1.4476287504325998
1.9584135642816138
1.226339974761743
0.10481773363498194
-0.04879849811999316
-0.002200272121332705
-0.006026036805519757
-0.14118381010671224
0.7454532700598301
1.3090066527789526
0.3447663201651381
-0.3162927553545057
-0.039948219659466544
0.6436636832006467
0.5915128599055578
0.2551957071174688
0.5208377828981474
0.3567551909488632
-0.2062894432334531
-0.14332436265686574
-0.009203662844554927
-0.00832692873251677
-0.6239445334880094
-1.0640149757427597
-0.32459814074567406
0.4563484740600518
-0.5564176418889086
0.28871486437951854
0.28051397359141783
-0.750650414294818
0.01184669869187103
-0.6139661682717954
-0.8375104453329749
-0.47680040860389866
-0.11051935276009253
0.007080003540379973
-0.04870199715183662
-0.677954520272339
-1.8868945985379466
-1.926077732812729
-0.8991890922348954
-0.5412805715242325
1.2625816075727252
1.4303967610085198
0.08318343506024989
-0.19372040023808784
-1.5096251793983686
-1.4408811892564064
-0.36990927878395163
-0.023791842075591308
-0.001704504752441707
-0.029187834987372048
-0.34827199505143236
-1.2457517773395346
-2.3436207715985238
-2.3709560084536045
-1.030361900812135
0.1303944617640514
0.68147526236817
-0.16775461824168683
-1.2306568615300895
-1.3654218644755372
-0.9868972218772339
-0.2575691421613544
-0.020892321405362378
-0.0040564307233953815
-0.013346295974766734
-0.12642535850512873
-0.4698069338778571
-0.7484543153146955
-0.6154476033862133
-1.0012840979142608
-2.3185017526674088
-1.7158322841546627
-0.7346642974878668
-0.39765253658373667
0.22425597991773988
0.020761771857484075
-0.04159824154893133
-0.004860036120989432
-0.004839086221882663
0.0003258258334912025
0.028379571510087017
0.09975479963578729
0.5291091311619613
0.5597898355210927
-0.2176325239616889
-0.5830817657929687
0.08633223288117195
0.5205322894981246
0.713401793631939
0.7385010642963339
0.212426236923539
0.004299565211176084
-0.003475628662267914
0.00747198794752379
0.0017120530843184878
0.034452565873599815
0.08379630360955266
0.12575691131426042
0.06418225864975913
0.15776015205572455
0.6106611293141214
0.6188910022317369
0.25248627364420684
0.1728425472879378
0.08321979344511232
0.024708204760778476
0.006209785735348373
-0.0020599057243300845
-0.0072304054588370765
-0.009962020965350784
0.002554240020712308
-0.007962917225637946
0.007383959375150387
0.0004560160106635621
0.007611786514027665
-0.007417614435836209
-0.002275230656272975
-0.005029696198893037
-0.007975533074978274
0.0094758370645014
-0.0009060061385284084
0.0069771579119095786
0.0031128960391877646
0.004357547612992783
-0.008412769274705969
0.003359142530224275
0.024295865176278277
0.0162411615731924
0.00901004976504374
0.21011879382205367
0.4916125236868903
0.5090417741967991
0.46607220611689243
0.3232593046993843
0.25607398002824006
0.21940639564539097
0.044969900331540025
0.00876349510069086
-0.006202383028127783
0.009191780929580428
0.0030075575500744223
0.020927152938052578
-0.03637284828281863
0.08136430119603659
0.6403682856179891
1.1738506206417463
1.4763065748390407
1.053920478544729
0.5435958257003288
0.8900815933509606
0.8498040948620494
0.23883449795701162
-0.04268289699652597
0.0009325374109654789
-0.0070156213519163065
-0.00032599773694823916
0.10710517531308117
0.11011785767672977
0.10337744563278448
0.5214946499858552
0.6787748446743811
0.7025461582235437
0.43588393705403383
0.6188148129487867
1.1929053675904715
0.5078864148239244
-0.017108929243924476
0.06378011418540126
-0.010982235795360234
0.0010982244906992348
-0.028393600544846416
0.2652392689320137
0.42791041539035285
0.06059018974350465
-0.15450280191212548
0.25885364268006295
0.18614112706732805
-0.5484717532024799
-0.6486360684234351
-0.4752756757406404
-0.5606615326825932
-0.4346286723575615
-0.17894129454399793
-0.050126694247211265
0.009159832569763432
-0.03849497150050518
0.23192863408781034
0.4302836398969743
-0.17781300372439426
-0.5425889257890931
-0.4738286486580562
0.008137347536089874
-0.6240888381141857
-1.8738513331173394
-1.5181197326378126
-0.576668426092525
-0.5021448482903406
-0.518709146661277
-0.04975495052244596
0.006947206497822026
0.0551428620031327
0.08846343481941694
-0.0954767485638961
-0.6591934152592497
-1.0388862059037587
-1.3608468196518746
0.3882926706550898
0.8173887128080198
-0.7422113530129495
-0.09975289199959032
0.41550005530817313
0.23701685217050428
0.015429990574738942
-0.02940412323525581
-0.008983857997691276
0.07069745067182105
-0.2276450943539557
-0.9595296297668098
-0.9213169847072384
-1.5492998983127915
-1.0740965195776764
1.703630524546915
1.2443955665451982
-0.772357521240303
-0.08192532308244214
0.9861211849535291
0.8546759157678128
0.30223994789738506
0.012069564920886558
-0.0037367856079557286
-0.00440772942402569
-0.2518889532581387
-0.5431705699182342
0.020397661302827365
-0.8330662220843267
-0.8666921372005753
0.975298872273865
-0.5256384537430696
-1.897562425492192
-0.5020585136946507
0.3427739376479979
0.19959023814994414
0.1007787235908084
0.04806045930825294
-0.0005990727500304448
0.016023155715485158
0.18678303761744286
-0.11666423482099207
-0.2978401490760534
0.504284613430878
0.5975633465780589
-0.4153634249389008
-1.2522488130461802
-0.13753157559331874
0.8585238380717132
0.16700535251064172
0.002580137884614185
0.1326734976993947
0.027513459964791556
0.006895005234511501
0.05515279118815487
0.4783765461152878
0.12205315871412882
-0.1441251712613914
1.3598349773586185
1.3014732603110917
-0.14786698644896168
0.0760999435215533
1.3489877560260337
1.4397159928645775
0.5999729523769027
0.3540785564306184
0.20443496609021425
0.0215810190935433
-0.006768353871492037
0.045053736964580315
0.5126482045736468
1.4499616662568366
1.78896524700269
1.1913300303848673
0.5375704071587792
1.137713034625391
0.9764975846482713
0.6417160955604053
0.9727085705714463
0.47742793848669296
0.26785891303298476
0.15919442896835218
0.0036421790973868765
-0.003124197781656346
0.05721065275419322
0.3185216592879831
1.1608179461280037
1.0631262676197735
0.577115514423386
0.7614866737714006
0.8822621951238347
0.3020417482854195
0.1607214572910066
0.35791517830584757
-0.1879138663170968
-0.12881852912079125
0.029531483898910513
-0.004117331266420116
-0.0035730374191186784
0.04647358061885035
0.09071691852158208
0.12529121238017624
-0.07461722803980297
0.2700693807586281
0.41508262021138503
-0.18200367284777436
-0.36224514679611275
-0.18099982146031732
-0.1367158119350984
-0.35067766349467494
-0.19150069946410073
-0.006146399357891664
0.006509620193749727
-0.004889575402097514
0.0019011258278522642
-0.020544020599365248
-0.00562956748253915
0.013608547508937275
-0.010093559719334287
-0.08812583149708193
-0.29558555609956866
-0.3171781485029198
-0.21721156561196636
-0.11799695181617055
-0.035762138842677205
7.1304454846457e-05
-0.0053858779813574075
-0.00013619441785083473
0.0017235347968424415
0.006408642496180053
-0.0043427270041851585
-0.009777733555004966
0.005267799875269468
0.007121705115558466
-0.0018247751350258645
-0.002950341975521309
-0.003365251988961318
0.004736819250511221
-0.00853177194818527
0.0013610591219345262
-0.002327539480875813
-0.0031608778964380482
-0.005191313481821585
-0.007489559890764539
0.009405226011148323
0.008457641213546445
-0.0017071647689097954
0.008029609420882244
0.008455667501122381
-0.18140484387764003
-0.3094474890525778
-0.34672426433651565
-0.3685304697383912
-0.16775842158081003
-0.029239231521186036
-0.003677228826161517
0.02161926375679364
-0.010920941844783164
-0.005525565923468088
-0.008227453607273323
0.008740671285187577
0.0006231532155960215
0.11725454979462202
0.23829195947307766
0.2037937657145165
0.2828065984274162
0.07091487732329539
0.12105426608234031
0.39402902387082295
-0.14256610927505006
-0.4123780121949397
-0.1674470631832397
-0.006320459804551328
0.033889663804294916
0.00374776517803691
-0.007551918253731613
-0.03355654007790245
0.22694660920620954
0.5408634653348543
0.8153915189371979
0.9814216571477349
0.7775311844115111
0.7486683900210116
0.5301439497578869
-0.18662049394423494
-0.5034446614112784
-0.03814319893475273
0.21880966672248375
0.061923332221096805
0.009138407571756475
-0.025628464240406535
-0.08635259225384156
0.058909222105632375
0.2842648821799129
0.48079850296814397
1.0154054285829401
1.648680373816181
0.9553597496954492
0.3628618606597019
0.5629622787226338
0.6958538943298904
1.4710844858628094
1.2052358633348417
0.2504252913944326
0.0022981408171766447
-0.02816668792872625
-0.10611472808244134
0.04218451711087934
-0.0760181547101215
-0.24610730685348609
0.34695664241834695
0.3579413708188434
0.12356405651703542
0.6190133076903829
0.6832993746729124
0.8210552956467257
1.609423305164903
1.3515570525616585
0.3032276154984578
0.005816871915473481
-0.014639900420769987
-0.014314826564780036
-0.2114713066665237
-0.5258154524460635
-0.5769659150963744
-1.5903783551812234
-1.3272390010599546
-0.1019514656826877
0.3321957570856026
0.6546873524993396
-0.28883929454610235
-0.4546683581512975
0.1371089396002888
0.075719055252248
0.008101657664088368
-0.02099646326862249
0.10894164002780644
-0.8952078098124882
-0.9217399860220382
-0.2600560063315397
-1.4096494773098607
0.7337035693189677
1.2224657751295953
-0.0764655517844116
0.6574733126864336
-1.4089877622076672
-2.1820470603094706
-0.5084823637506701
0.08276171115516844
0.0008701064581455725
-0.0354164355829865
0.3071108013446383
-0.7486954179988474
-0.8182361351689108
-0.2691981158903714
-0.07284588703778976
0.6662932214239236
0.17903048774290078
-0.19194109340305954
-0.24318960835431236
-1.6046881457414826
-1.83135168101619
0.010823204681023388
0.24292083685382912
0.008984863306518492
-0.010683983692320707
0.7969672490509296
0.7212425878879725
-0.06547110028790946
-0.9229353175953198
-0.7797922731729449
-0.0034534342186472874
-0.13707834635892313
-0.37618481954547184
-0.05732542654844955
-0.022763632822586043
0.2175336831613001
0.756870714833641
0.17698820197681095
0.004212557575757453
0.0005558406001381954
0.6976758813429536
1.3401124993364526
0.8372464444884226
-0.6654783413732333
-1.422665608272168
0.24164149153749473
0.35966055648732653
-0.16073818236240725
0.46534855711678746
0.688908636824774
1.1811806089946495
0.7090075769950904
0.03097261593417002
-0.002904322342409018
-0.002658687819003309
0.1476060337345639
0.4126551957725143
0.7096348860227792
0.1132530802956038
-0.6127336807318277
-0.5153178023561829
-0.61182738742284
0.07290838132014704
0.3539608101984956
0.4573225950936384
0.843665009648714
0.29275491938120884
-0.0036517650690725866
-0.009155044032041518
0.008075106609435279
-0.016579928096440537
-0.1847573008245951
0.07877380831543664
0.2358591670769473
0.10507639932898206
-0.3921948873341038
-0.727473799968062
0.06316663880100248
0.23666646137375874
0.12737770240736807
0.2304080198350481
0.05290294314986151
-0.00016997554379238325
0.007501856298202556
0.007965055145164058
0.0022633325184391604
-0.11078830476339954
0.033326903394592565
0.24656403281678266
0.45030188821719674
0.28831681111609253
0.16168168744864447
0.6358199266320361
0.45192329842836954
-0.00920866840991347
-0.02456560327664329
-0.0011713404479948264
-0.004163600150767195
0.00022774582898516492
8.611371032964804e-05
-0.0018335098009708128
0.04522721660682481
0.1420325470696028
0.17490559692187374
0.3012531604852189
0.398460951545947
0.335059627828867
0.30678533693212656
0.24045672197854517
0.09492123138394341
-0.010998638532752918
0.006803196104402524
0.009919073293637974
-0.004225312751594816
0.00024597273463755794
-0.00791465301330575
-0.0026540293730973486
-0.004803157602764709
-0.004958673093941339
-0.009357931010390117
0.006636193174698565
-0.006328133300036483
0.0027759716657757144
0.005343690307335678
-0.0018875323472345197
0.003048043900528123
0.004887654036185622
-0.00861663836257893
-0.0058268454155327686
-0.0042275159121463604
-2.9029595453901325e-05
0.009974768766690288
0.002201899868832476
0.007584122410789272
0.020549418316375773
0.07435989866959565
0.052905801339060234
-0.06647582555095057
-0.08427786968869992
0.030121927949868652
0.02629798913752685
-0.014680210837748573
0.00723834396717963
0.002080995550404856
0.003456270426639081
-0.0066716149187293515
-0.003859716332554212
0.03145367018065761
0.1587123525499194
0.39406157931859087
0.5759432580168586
0.27939331236658627
0.058286080015277346
0.10567960506204825
0.11694085756223109
-0.23310906590148084
-0.27110145555028836
0.057291930840557295
0.026715582144268512
-0.0040712654408333205
0.008170074877978373
-0.054223533270535286
-0.08029924814999048
-0.10322320509087944
0.3197300025083172
0.4277870318081306
-0.18959938046649208
0.24578245739826088
0.8447724567187836
0.4389088667489213
-0.3663101368077061
-0.28255479859587385
0.1365319593802302
0.0020273621072448593
-0.00952911105530086
-0.04745396025722476
-0.32925220231752106
-0.49431728298313554
-0.6382162905564877
-0.21828845020740484
-0.3983856051705585
-0.13316326044767257
1.1479287324126777
0.6447143562575434
-0.44066929205571265
-0.6941446396162102
-0.29804413569365634
-0.02995191895266141
-0.04769450401889958
-0.0017174980054700337
-0.13018444175912455
-0.6556577443812895
-0.906025724644648
-0.4646392060797875
-0.09778068008033994
-1.1390410001195939
-1.3253852828645036
-1.1518435262526887
-1.4628626048166773
-0.9854313136294237
-0.5494914225190304
-0.267893392857595
-0.11071129367996009
-0.00534221400586329
0.007618798762849247
-0.15576450711137535
-0.6557115621487949
-0.656855125716352
0.026286704445810858
0.767897493924456
0.4820139176612799
-0.8258723314032389
-1.2040030000107609
-0.4944756493013723
0.6123859080575806
1.17268107387384
0.636804114029022
0.12173544810137645
0.009232624757488872
-0.0007660320545805829
-0.14726141530158238
-0.4230832393186293
0.33743760628894137
1.2138665127455004
1.6644479977371047
2.7848600097011325
1.2167992490190207
0.5492758768867864
1.003351744126953
0.09201204330619557
0.3593166059626119
0.4445505562115965
0.263123651590209
-0.004728047903194406
-0.0020522358591459414
-0.08975088741499829
-0.06420369098520355
0.7813111921909495
1.6801908397827963
1.277975619638936
1.4927346642949075
-0.33217919275594326
-0.5503074173123061
0.8383040329704996
-0.5719966161079602
-0.7828007697672842
-0.1979377118113786
0.0978579741414111
0.012376878204845908
0.009702431647917559
-0.011682711706399122
0.20168833310397122
0.24499706694671822
0.36740471833208427
0.8647966224064323
0.8516484056288831
-1.1291902195032686
-0.6412432591653547
0.943378506312798
0.5112769797859786
0.6332804369958921
0.140386739288156
-0.106399012976535
0.014325019880227751
-0.004690766239852848
0.08501052430677429
0.33498147178321164
0.1734765362988899
-0.2868362691167037
-0.16041854894975185
-0.3082865071317918
-1.5670339796438488
-0.6558275651258727
0.4904904048314957
0.7359473360239617
1.2880022349990237
0.5004951383490429
0.0010275272296202758
0.020518656550847024
0.007213991703324913
0.08154744603533705
0.2853710662380201
0.6389928046790445
0.22440616879592037
-0.6573683687008578
-0.3576559863737918
-0.49186363708572645
-0.3226379969882891
-0.058904183260237795
0.17061176668714928
0.9611756580624562
0.528408631169948
0.06893063685315093
0.010249966192474489
-0.008286168129278945
0.07605409325504306
0.17812318371183805
0.48462864117910964
0.5791531982863051
0.34961035399332163
0.8540757264919528
0.4751997723629927
-0.4387731852679502
-0.16411645765605745
0.1523534768310011
0.3546558129021158
0.23445744416657935
0.009431020749390156
-0.00346003861677778
0.009601673981787412
0.06614328383963244
0.09020797452453323
0.2627832015358114
0.5660984039643161
0.31934657583098475
0.4121746462220656
0.6401205874077214
0.09052945028032033
0.3311083361235667
0.5621429039378494
0.06411567164080811
-0.06202596437575132
0.009516703472704582
-0.006583411137347837
0.008178731194276331
-0.0022076264252948816
-0.0046557311824352255
0.17379091452866055
0.2676679892575215
0.017504725976275788
0.3272037736400733
0.8400978128117063
0.36583604883998927
0.10028188214795661
0.2604389183594716
0.017383496433184514
-0.06819929104692503
-0.005150251141978908
0.008214423742983671
-0.004916782278071991
0.003641722886147624
0.009021414599627417
0.0025287459744157467
0.006829425658467782
0.00390135080169619
0.005129668631734531
0.001531396141749958
-0.0043735714769638405
0.0007848144326794287
-0.005821503761142657
-0.0025833347399703884
-0.005069040085184955
0.00568408180413737
0.007615736207100954
0.00407957247993785
-0.0039857469560085805
-0.007984683291736747
-0.004219128653070147
0.004304301373711164
-0.019365218751969674
-0.16527548984646442
-0.37222984890213023
-0.41592964860713383
-0.39061221063432466
-0.2905646257249277
-0.20861044757605623
-0.12385274686820498
-0.01832996532095885
-0.0024182877330786146
0.0047374741894775
0.004428579462759685
-0.0015367581316874824
0.005502151905739018
0.12085968178802985
0.46344475972802485
0.3445880974915598
0.1493044547688675
0.21363972022621608
-0.13068132482910802
-0.29026291554127576
-0.06716727267703973
-0.12189785959178959
-0.2126079464965317
-0.02714081719277117
0.032635438875990866
-0.008626999499961818
-0.008784337566696328
0.07205126886812019
0.46619544236678434
0.9484816331011808
0.4139017021889623
-0.04558707186641349
0.12354481661431058
-0.07498527449048041
-0.2936979905813889
0.1081173908225277
-0.06574692459758748
-0.334021669060752
0.04440523968911733
0.02864450811276021
0.0052281986891027105
0.0020948695471798015
0.32941081109165776
1.1459460558821806
0.7804272418985772
-0.3526949160597722
-0.10875972690148164
0.2563418575825065
-0.5402669265531543
-0.6634324225974492
0.2123101664782855
-0.0405072722557686
-1.0080939313939214
-0.8179607509564193
-0.12539121839790635
0.0016444383315272412
0.02352440289935477
0.3869281342467576
1.127629904572532
-0.22234370152195368
-0.9980050511531781
-0.14075260740031215
0.08897506177993143
-0.1446790800897827
0.6365981297992701
1.5621333537835005
0.3601726687199808
-1.4245526077905988
-1.3394962476393109
-0.13247913828789587
0.007109064609564409
0.013671882731484645
0.12264027790687744
-0.13956620460099928
-0.984290416882254
-0.033136243498860386
-1.1555873646412007
-1.0143610104062197
1.354638748608602
1.0514376459145758
1.6324250561234663
0.856340639347942
-0.703415048005903
-0.5081313878682021
0.0009143124835546315
0.003737707710871771
0.0064982956171733075
0.005344321688782192
-0.7135391882387693
-0.7495376414017804
0.08439035241042768
-1.270190524288654
0.1641851955404587
2.0996034175733524
0.6918259532282376
0.56626878285409
-0.44606183000083266
-1.2073701129623646
-0.3547141623739277
0.011924589007602895
0.0005716458718156552
0.019555075113316143
0.23654056949702923
0.04598839275625909
-0.03960194597704569
-1.2333510664795828
-1.248064655601519
1.1176777158019269
1.3033664540639613
0.9759673429601766
0.3010213027934611
-1.3254408965837225
-1.322511072402971
-0.27438807522198966
0.060875114596447295
-0.009596793350844233
0.003113939756572256
0.34628412023637095
-0.21159164528177085
0.09003700133714153
0.08385803106898992
0.3113036614479448
2.033779929873777
1.0090112172011856
-0.5125030376031859
-0.16358380412747012
-0.26945786192082877
-0.205254775496908
0.3261729255605576
0.06191051971385992
-0.002959105488513942
-0.01131634582972562
0.2885049384981717
-0.7837895497769112
-0.8151092759513672
-0.4993655163818387
-1.1202805564302387
0.14725626652782275
0.10283050796539774
-0.5898817594437605
-0.02610787890125837
0.07614760686075377
0.40230898128397274
0.5629537090469826
0.025075180123199124
-0.003944449056372179
-0.02015879078888054
0.2383239414396048
0.056418238186440976
-0.2591065546019077
-0.8112735416129804
-1.3491923441317135
-0.8049299099015406
-0.12967846009145936
0.49927861632263076
0.1748302333165227
0.00870747905019101
0.5707688053095585
0.3173393505680474
0.003736190671826452
0.0007518953803136216
0.008951001324212848
0.1292745523864084
0.3162928746320079
0.11815372156585122
0.08863976788016911
0.1367032993737345
-0.5197236264359041
-0.06567263222390732
0.503574782243183
0.0027359661843895998
0.09725007926412137
0.22932120828107577
0.043042743850167625
0.006410630819311142
-0.004240194541905713
0.004354355468691141
0.027126885988989578
-2.4974176116527098e-05
-0.07656619771598394
-0.015678677634802782
-0.13262577465403988
-0.6964366844841712
-0.13724042673862794
0.4023484893297737
0.029467156502960907
0.02564524118322579
0.02486271850958923
0.0065880746352315195
0.004019257195746891
0.0025420770997646412
-0.002447606570706782
-0.005404378250508771
0.021688071665234634
0.14714359019754183
0.26452486557661375
0.3036683843447661
0.26001369334540214
0.20014985346665756
0.07371180776472472
-0.047847278942535744
0.019217130878076534
0.022510831469499247
-0.008304165655012994
-0.006760211310930343
0.0018873447208422964
-0.008691091747382607
-0.0028939756375439196
0.0036680549037849345
0.007864204797021842
0.0019126701628303412
0.0013048818682956827
0.009740285282889454
-0.007643451365085848
7.989518094585896e-05
0.00936955399726176
0.00558373567607575
-0.007613521225393758
0.007307234592357279
0.004626930577207431
0.003864557505994933
-0.004563043987090223
0.0028450166794842385
-0.011533771048196076
-0.01158683923358649
-0.015120202014619315
-0.2115604956391278
-0.4836828905283332
-0.5584502802612186
-0.4762814506931868
-0.2834549236288678
-0.13782039859609263
-0.0900805346550087
-0.020614498065402935
0.00791509396251724
-0.0020765569829056026
0.002119558326673137
0.003190857340953876
0.008948428476433354
0.024036730578259124
-0.00015563162870888794
-0.43923400867895035
-1.0614360356614818
-1.5628887269583673
-1.3587237052077195
-0.5686629157057604
-0.027510719313642584
0.10438602602152336
0.01627061940084289
0.02435672566545851
0.0010842341963407697
0.007568489408108751
0.0013976319321913485
-0.04199951457710711
0.0002764809991912764
0.29141855565354546
0.08592169323407828
-0.19526576104962673
-0.4601746126203476
-0.342685681173855
-0.3302180233164998
-0.12770003986217665
0.6035102040200931
0.3814891069534836
0.11605796794287983
0.0463538924775565
0.007255700628432555
0.03246388321065748
-0.07903456483445258
0.03908174027133805
0.31097868503784
0.497530065854919
0.8427822678158359
0.655040435606624
0.2873192185306763
0.2914861473857604
0.3571525300954427
0.4472065763368939
0.1606601511943849
-0.058411632162162955
-0.01816060300119154
-0.0004413371882253103
0.042579325583566856
-0.06880641265403441
0.0794790596583398
-0.008195338601898111
0.1294355984743895
0.5683344732379624
-0.29403820124996755
-0.2497561702270456
0.8001242519659159
0.7867890188575513
0.18890110818783606
-0.40903259652186963
-0.3647056820717127
-0.04756476111924959
-0.005173606962591468
-0.0007486796745588114
0.09015696082133476
0.008221066991968645
-0.9142307399228182
-0.4030610131495944
-0.07210820760375129
-0.7350339082809544
0.8248844922334052
0.744689839498259
-0.1979725300195244
-0.09400820678145318
-0.6797685846270817
-0.4347071246030088
0.015096998105976726
-0.0006903681882500633
-0.02045194719819487
0.5396325550087084
1.1496660687139735
0.2894036350664456
0.3319918294731612
0.028027323727314694
-0.5634023580495602
0.5385255662219852
0.7758501187295604
0.42544356816285406
-0.062195806232233114
-0.5657129428158425
-0.3610557269341154
-0.004985424872692013
0.004618875624579315
0.017101271492202325
0.5554509792252885
1.53884848213826
1.801814119660759
1.2694190660668339
0.8767517206633281
0.3886637924631307
0.45872852060934677
1.7886225147461123
1.79298455945595
0.7118958430164909
-0.018179529799262135
-0.294224929373865
-0.003847625341046119
-0.0032781143683158565
0.007713141718896727
-0.06293090351498368
-0.2709661416417794
-0.10814159001193172
-0.06040095058322288
-0.17792798588528486
0.7674045293331802
0.6250681008138609
0.19066450533715887
0.6488687733861641
0.24360337969000911
-0.24682293560154886
-0.21735256550827314
-0.012621919705083116
-0.0005223566093912665
0.012795639247921398
-0.34527686999159113
-1.4862746039096273
-2.8834051949894426
-3.241560547955863
-3.444825680421273
-1.7702287837210482
-0.748493000982587
-1.405407779510157
-0.7434704676735501
-0.9286574486748145
-0.728637695814013
-0.1243636360970508
-0.011201119100061021
-0.0019429634817233025
0.023835635455947576
-0.08567729761430902
-1.100990149090933
-2.4777996818855095
-1.868074080636755
-1.3627333454269905
-1.4106076958301668
-0.3734971182222051
-0.5120641794277329
-0.8404574980843854
-0.7001652989011419
-0.5252730932984112
-0.07969212615239475
-0.01949360580820343
0.009698901708028942
-0.020682603687132213
0.11605026233035541
0.342919843761596
0.7018277221295302
1.3180321612373624
0.8656611497905741
-0.41446344875057295
-0.49233669798567137
-0.8986138763688517
-0.79438261032574
0.18181419447131125
0.029109654867509663
-0.013852119083816287
-0.007582428799511519
-0.0048023694643252466
-0.03482741597443646
0.11414851241442535
0.6523799245453743
1.0217807872972131
0.647786479535258
-0.15990358808857602
-0.5744289149214691
-0.23822326659921703
-0.3965487761732465
-0.260183983711055
0.36651411794111677
0.19981697700756204
-0.0032710297306937975
0.007167417854343905
0.006999396966229301
-0.00027999592512477703
0.02028644059062469
0.028989734255933406
-0.0004102619879861924
0.051694387947480984
0.1763907541326144
0.40560807691107076
0.5130004368615162
0.49023537157585984
0.3209802084839965
0.0931391619418161
0.049127737731207065
-0.0029677321274074586
0.006802275921571262
0.00982871849183124
0.006149989148386973
0.0011673217680957873
0.0026750815244860043
-0.0065720292516176435
0.006297590285740675
0.0029403682371470646
0.0018907396660972683
0.0025185908213736646
-0.0052038839088670704
-0.0025789236307623507
-0.0010161628581374527
0.007009557029099852
-0.003438562474295026
-0.003990016717221343
-0.008529555487845458
-0.0012304711472025387
0.003560629075437787
0.0001738049940469345
0.008911301428279181
0.009868252711274695
0.13094635888879555
0.22604771333719664
0.36390668988840885
0.5977483255808833
0.5269542442155293
0.30278485918487275
0.14371614487118958
0.013690429008376618
0.010957525898690224
-0.0006837780908481618
0.0076044745370343805
-0.005201302586748299
-0.011506135560971674
-0.08845962645017437
-0.35398293747353377
-0.631553621371547
-0.6531905140030555
-0.3089505453191308
0.5055557496845661
0.9586800676938035
0.69373794878253
0.6549155376624096
0.6001688967851734
0.17376758068053633
0.006276432076296555
0.002314705974410589
0.009637221632443552
-0.1474286995857383
-0.5681219421590477
-0.9179262728220221
-0.7436703857877259
-0.7096638672241871
-0.5420516427485779
0.10597045946022213
0.6664598759980597
0.7176288144444096
1.2643679936212875
1.5385743455073349
0.5701448626496343
0.059943781636493866
0.007951697930021059
-0.018900143156534367
-0.394994222439397
-1.3144089464708086
-1.0462539259830606
-0.13813328343127362
0.20474239918404058
0.34753188863284007
0.39976288235577584
0.4419800715073776
0.4337827655810615
0.8710344298380132
1.2346441888772977
0.7712231565195072
0.13371038916349073
-0.003084201733930798
-0.013955205734284977
-0.49851653873067975
-1.487342269013134
0.06314706744009246
1.0964555666782132
0.7998609810246692
0.3787188938634826
-1.0900717504905464
-2.7756346525712696
-3.207177157123084
-2.3968228198248385
-1.4327313578951437
-0.06561304747314176
0.08097895368025261
0.009227854096480846
-0.008090929105036915
-0.31064973629234827
-0.5458830365941846
0.9550047738687565
0.7986808883917489
0.620647661037719
0.6571341423314482
-0.9257002625678742
-1.3146411494103698
-2.117412391220828
-3.452470088642869
-2.8398917532119707
-0.7638290006962387
0.022386299381408244
0.0080355132370934
-0.01935698972178451
-0.13097301523927224
-0.005598974659061511
0.21824797671525045
-0.5105715609087148
-0.50010934075979
-0.07276827340892604
-0.40224415924927553
0.7450605651122467
1.4613276813579412
-0.25045244728429955
-1.0173521857406898
-0.2930862815459389
-0.07417430682858694
-0.0008791709565433084
0.0010745900834595106
-0.2293297405582225
-0.8268677853725344
-0.7871358095968404
0.48107114451734084
0.14111541988125162
-0.5641887383229047
-0.44412054389962097
-0.9756432293717572
0.22207377677704895
0.7563291894651047
0.0023011303693041382
-0.17317777105696247
-0.2023670415880316
-0.009836281624928311
-0.0071277636233061685
-0.27413379181633307
-0.6268467024121835
-0.82287301367714
-0.20535169773631998
-0.4249138726960225
-0.3721528368807797
0.18835734523003062
-0.056648626880670336
-0.003812599762085926
0.16176432551394954
-0.05123922000154251
-0.44038599995918953
-0.13166554489593868
-0.006432220135085199
-0.02257956528698657
-0.17073223433140464
0.22086926571747625
0.006502321838836946
-0.7476248849749314
-0.7315601134965718
0.45033378430425536
0.8840494156240244
0.07951313530592025
-0.05205769822687888
0.2141403312385603
-0.21549653637167854
-0.49366656833987255
-0.026035713203501093
0.004654500118996563
-0.01002094046394008
-0.12781645274901082
-0.11118527182114721
-0.0590367031376487
-0.23644120115422101
-0.3806413295814934
0.40486400976785264
0.6520801870068009
0.3033640594455362
0.609975213557369
0.28474668466082514
-0.39179360055897156
-0.29708800673867547
-0.012126546904443142
-0.006191232160713813
0.007350122697594149
-0.08047602208165355
-0.2589786227268855
-0.202461945171892
-0.3970877633808016
-0.44270700179495504
0.07347742561394627
-0.27074289324624295
-0.0013384820854402892
0.6939995003003174
0.1854986329665628
-0.1598571480948317
-0.044636898765723285
-0.005383872862764835
-0.0031988267068093056
0.006267509295384707
-0.02670658076551305
-0.014736430366607657
0.013298798567470538
-0.1355605740453645
0.07880126734024452
0.4614663984288261
0.03483923951315116
-0.19549112161632792
0.04669578394954509
0.020625618866173017
-0.017663479042478357
-0.0021960481015787757
0.000911596161135099
-0.009598128766693428
-0.003450020962495877
-0.005626547755825207
-0.000699904998925321
-0.02266552039541949
0.019725017089235262
0.0013057268372572896
-0.06795688829328553
-0.024586664659766246
0.0704128398620814
0.07424930001526259
0.003655867006096019
-0.003988224282731522
-0.007385606559842772
-0.004014549504115006
0.003871787680172498
0.0003803444002940075
-0.002103737267234451
0.0027049908442627023
0.0035435331210407622
0.004943083510759647
0.009236155948950156
-0.007896165778511243
-0.006775095826360987
-0.002261233500499904
-0.0032392494558604245
-0.003953060048625934
0.004559849258458896
0.009580274398166487
-0.006670531631638752
-0.00030131141998786595
-0.002355467339179982
-0.00020070604276196252
-0.006735726724393622
0.0003852382949451839
0.008088605519930294
-0.00871168958547894
-0.06217995300630823
-0.11059146898918748
-0.019911145963878867
0.008678723847509074
-0.006875131355624277
0.03574534886111886
0.007132141590600235
0.0009744451549155452
-0.005248793566838998
0.0037378352839314635
0.00030281198419025766
0.008633277938128894
-0.015797382847156632
0.04514724483341634
0.07292434689739694
0.14019298123882037
0.06805735443147244
-0.013239635779527983
0.03643264145511468
-0.035873064118926455
-0.00489328879641717
0.025663358175242675
0.010103462107212292
0.011284330117615985
0.002818678175224949
0.0065342673758432175
-0.05492253495257366
0.021324849454277307
-0.036802146089785444
-0.05341644319048261
0.4055835795741892
0.42676536377608093
0.25069826466951267
-0.11755934666737469
-0.19748029830462233
-0.17721491754629196
-0.1641792741645021
0.1431609019110556
0.05889530988595197
-7.63061260159216e-05
-0.0018971337332226814
0.04012579909560275
0.16658805200635868
-0.1859469536749513
-0.41098475787680055
-0.28463236198562986
-0.05614962325827884
-0.17344649570800358
-0.44394646378249136
0.34605663959948296
0.11864030133728029
0.1588596980553155
0.7794097087159149
0.20800666572206883
-0.005123565689285379
0.004933684499614777
0.24366150515399787
0.5177295502585556
0.1924672420863054
-0.11797198317465016
-0.4809520032076695
0.22419806383282678
0.3841137805729247
-0.3457343843186612
0.7880239797041584
0.34036827544977
0.137797952491123
0.79585516173328
0.21050006951933986
-0.0019150784513234202
0.024511010100524387
0.12000072423967124
0.5052973116004723
0.6423445398327292
0.633901268820262
0.3924575598827246
1.8023253769389382
1.8035576300071252
0.8507755987303424
0.8620780832344791
-1.2218328591249192
-1.2850623535402599
-0.02216960551789901
0.03647989478471763
0.00919871292184637
0.011550479037265065
-0.04393882717473584
-0.5722644751181556
-0.15016355167304665
0.31475455843758215
0.08931979666672318
1.9684127816188253
1.5536429429189074
1.0367300673407942
0.8525213794515643
-1.409474150396953
-1.0992593206927783
-0.19580974305517101
-0.03366173204951446
-0.008240955256765908
0.005434755068893507
0.012852226696162466
-1.204262142811945
-1.4053212798432153
-0.9520089421435791
-1.0075311016818094
0.6345087821571571
0.28957152761530003
-0.4964531540824064
0.08262534602444944
0.5421313422848772
0.6246025417953944
0.01831971731797104
-0.0563360180131795
-0.0008000745547033991
0.03651441413783034
0.21403650678960087
-0.4954096284063408
-1.7536644496029177
-2.6571854351824817
-2.847838462165753
-1.1500817029632744
-0.5084723258300289
-0.501689823969962
0.10146051438288932
0.6249804701362159
0.5798842133769777
-0.12938371830645368
-0.05876365635028766
-0.008272989149350872
0.13468303908539692
0.1597556608922745
0.14668066646125535
0.18119443014509887
-0.5486994594484251
-1.4621680993552906
-0.6759143113816963
0.0667504870517383
0.33196332570074927
0.3581932939011938
-0.37087535598833565
-0.669076186058615
-0.4313929524107615
-0.04040923488873595
-0.0028484771904184678
0.12670283027101767
0.24414743551503099
0.11206665494999497
0.16960888251495862
0.6348892300094435
-0.07864090021300578
-0.47553494888666925
-0.02627914020113737
-0.18997288629492637
-0.05844551129398789
-0.6993158937450491
-1.0923306488731734
-0.35260239339759836
-0.013929032761039331
-0.0030377248047432203
0.034349412939417734
0.3501564158313011
0.2975263152370979
-0.49704616211494046
-0.4190443261595528
-0.357583609845897
-0.4475303117723287
-0.31644245611751803
-0.5892398604805498
-0.2578245352231042
-0.37595548786273664
-0.5317977034599891
-0.09476676106174084
-0.002094974803837669
-0.004274464796144837
0.00022482879747087942
0.10900986596931055
0.307009450596338
0.31056994850208103
0.33440859295607556
0.5716833723761199
0.5530339385631996
0.14880471752847008
-0.10955247271931542
-0.08023577711927
-0.05717881381364575
-0.043638985685023196
-0.022618291676498925
0.009503677777861574
0.008646813129238812
0.003003237112234108
0.002571923022195126
-0.0002611351451928943
-0.01243622241874848
0.07517513035668558
0.16238264941047312
0.11830783698359351
0.0874121623412172
0.12420918345768572
0.07247142330451116
0.005246968206616037
0.012742866066130724
-0.007062282363093748
0.0076582976122941595
0.007997420249270233
0.004810608570974664
0.007930145682927407
0.0043705125455228335
-0.008304861093873453
0.008704611814642571
0.0011755304774774718
-0.0017650473286418729
-0.0013669098965355866
-0.002532624114727302
-0.000380991027775876
-0.008659876250552277
-0.005075392396200573
-0.005478952163990698
0.0022250752304859376
-0.004181238884041343
0.00311781901262404
0.003631847731223584
-0.004970877590892989
-0.007586890479716495
-0.005803634309211143
0.0003261395655233379
0.046041108444949345
-0.028866355337353287
-0.07787593925836606
0.023877562636906626
0.07547743188952488
0.050675389979366214
0.008380460980563892
-0.0006278978947336254
0.009728732058578647
-0.006982779780745918
-0.0019119996210580246
0.0010546555350375258
-0.0731399837142159
-0.07778285409759435
0.10667845525078881
0.13244332097599015
-0.3285045335729624
-0.5337475705765267
-0.0847822714572585
-0.09723249831511638
-0.2145135452239685
0.04549253392675228
0.12193095066525761
0.03635860621494718
-0.0036224538594790264
-0.008546149724725982
0.04141939204755125
0.04205703334541032
0.18987374926712428
0.3004969137490509
-0.044134827989237235
-0.3217254249832845
-0.07383444290063657
-0.15563454462605972
-0.3031919622861076
0.21134857019873224
0.44773053857832734
0.2754160670909907
0.09996569803957525
0.008937890506181887
0.020371087967026892
0.5197194132271467
1.2666118854217596
1.5260796825887966
1.0036075242294424
-0.07525627847081229
-0.3223835540313628
-0.16851710212406018
-0.011198362520649738
0.6341353939091618
0.7757662421963226
0.5782845784961982
0.3943425857022375
0.09106773819642597
-0.007013858097324675
0.05340326318653814
0.826885442311739
1.492131622545465
0.7842579343346925
-0.009128789328070895
-0.19379398156825972
0.974914949027562
1.7908542769259597
1.2102089163068699
1.2904201687044572
0.7613848795050365
0.47259892641477885
0.47037041230480775
0.005374598317561458
-0.00842108671360514
0.2733626181333576
0.5206223659469533
0.09319090172777625
-1.0526055007112665
-0.805852949783374
0.7312398422094741
0.8725452208805496
0.39963441765477253
0.7272629367852917
0.4890839372413753
-0.5244044749820489
-0.2645265316995929
0.172320397837428
-0.007283945451586163
-0.002702855164006213
0.305302594810437
0.1449136872423233
-0.3473007376324439
-0.49527452258089605
0.5062030390441263
0.364719783427226
-1.9527763212104088
-2.1664665033124786
-0.6377035693209122
-0.6548971282295778
-1.1322832313828968
-0.32163976049849813
0.11354896908740401
-0.028875149329983113
0.0009370897267242072
0.07401878861087534
-0.061553990317263975
-0.2242886729439418
-0.26691008081881357
-0.5863026708897661
-2.15519853409172
-2.6813641378348287
-1.198667069318504
-0.30361710168948425
0.3240290739721755
0.8146128778373166
0.7126577927192803
0.21454272378602127
-0.0321324424470345
0.0061928369452740935
0.04517569516846263
0.046223819412746996
0.020153413491945295
-0.8682425597941418
-2.0216591880016
-2.8976012702674137
-2.5143853033650205
-0.974696728964391
0.7573137858600048
1.3289875876769843
0.8536533513342383
0.2730594425741907
-0.23434447344109802
-0.02925909261770298
-0.003373283691137539
0.1580249826894282
0.4723981147798753
0.76975709154069
-0.23475754811409386
-0.1339011087261671
0.1136698158409713
-0.9509784634942385
-0.46506355044790887
0.2884067485107337
0.03416511281255529
-0.5971852976878024
-0.8434167472174331
-0.481220323824348
-0.018897763331151365
-0.008935894823732107
0.13089311218460256
0.5112410733996273
0.8250531910247016
0.2233053569768922
1.2747346131793247
1.862183539648808
0.9752973551788562
0.2582004782130711
-0.5542614644781828
-0.1490153448150705
-0.8371272962906176
-1.0612488378541864
-0.17660090912068818
-0.00836980490815726
0.003797918073223992
0.011062914937656114
0.28881834043473636
1.060183645610493
0.9576623358856127
0.6562846400661791
-0.06817108985121359
0.3445739765823005
0.8393028213841003
-0.19813011107024098
-0.11086091845670941
-0.4140484131456277
-0.4559132871608838
0.02645007069373825
-0.006432055462767732
-0.004390657123990432
-0.0012515621314598722
0.21355479012150488
0.8146740974945269
0.885222126923385
0.28048632835655646
-0.3755857973420135
-0.3688982085680572
0.20284178838356093
-0.08729242326958889
-0.5129996719008204
-0.2384599833873429
0.006448698895206955
0.015023927821261175
-0.008278288197711526
0.006905043558248862
-0.009606978305289792
0.026676390720972668
-0.0338758397607019
-0.0942516944467252
0.07665021876084294
0.09173854974224852
-0.13442441765669333
0.041524509015374404
0.10184763192940763
-0.2269669279559408
-0.15398062160357287
0.02761191428058472
0.008567081516266851
0.009882920273606854
-3.6534452173897742
0.005823340273827212
0.3522077016233486
-1.2755601675469204
0.07633822391374408
-3.8110962908534414
1.5692753757428046
-2.264850071383589
-1.127256523477364
-2.93690281793597
2.5014211158501967
-2.613015485168053
-2.8791906888337784
-3.3204283936385948
-3.1082383558586737
2.916346701083359
-0.951754743623518
-0.0030838017746353686
-2.765813830746886
6.253304572122585
-2.3479084895631335
-1.1291661302283398
-1.5325622394521903
1.3777926726300616
1.4548631272288701
-0.3847176664107363
-4.780644615565609
-0.5907037360997976
-0.8935688543406051
3.2747354863294174
0.8638614899973505
-2.7023921092906584
-3.707482854619554
-0.0007139562190026389
0.6740878806714894
-1.7012641895023095
1.4369993948276807
0.3235922189384201
-3.4406731719338337
-3.6726016941127355
-0.4288716992192024
3.0932362494562238
-1.2709782042170583
1.5444800275911392
-3.2848663313949276
-3.3611688748361495
-3.895653576041828
-2.493579333091011
-0.6264288331395066
0.007621572947896298
-2.2354804943561084
-1.9312571034031514
-4.594536586756305
-0.6912372804469978
-5.469372710800957
-3.984059998632866
1.1795716173075093
-1.6785948574157068
2.0532822136246835
0.12830429355447298
1.9994371592275841
-3.2746232304999463
3.0266928950139227
1.9493797488069653
-1.9937840433583056
0.004955036722840795
-0.7646234605206389
-0.9718487942873381
-3.9201051939879803
6.10801981065083
0.1842210834539796
0.7936673509909746
-5.792957698235662
-1.9465681499595247
-0.7110125965055684
0.4621333751328749
3.4159997232006725
-1.6410927603256196
-2.592419558139947
-2.794344580234913
2.325857990660627
-0.009938650067358053
2.0768773374729994
1.3646686636112564
-2.3696846039799233
0.9829124081769748
1.0421468015949458
-4.665504794168796
-4.25537070761979
1.3079085171671416
-3.398138932121103
-5.505367418172982
0.4800704405361904
3.940154875418662
1.5533262722151038
0.3167126171147519
-2.622378895833627
0.0021007975776219275
-1.9267874472694906
-1.1306976878089487
-2.0626143003893533
2.836461107404123
-1.33983065671696
3.1981231621869446
3.4906899159429163
-5.106143430814439
-0.3311116338859338
-1.8138412056154996
-4.23231328556345
2.623981030793087
-2.241239565358025
-2.778626392122069
1.1861087428678605
0.007055860540297146
-3.5054913991163494
-1.0308644076388929
3.029263764014646
-1.1908165970925981
-2.6145647518677038
0.3727029459989984
-3.8250703080310697
-2.378296880962251
-5.519749789266139
-0.8950525773938685
2.778700130896591
-0.5462860879512507
1.165312185272673
3.769218023815562
3.4091730414775934
-0.009850578390359304
-4.005313232400464
-5.888231697497646
-2.3074108870360717
-0.7090632549655569
4.036119000241967
-3.612369307443357
-0.5814027055455181
-0.3750676494344079
0.034105338893777364
-0.003996723192414999
-5.219739019446975
-2.972676678528517
-1.4855047115268212
-5.999928841434039
-3.0448688869179357
0.008875888653528367
-3.8311936703630636
-0.18905704083225497
-3.2785618986582374
-7.156153423538194
0.8732010254527832
4.331009755869406
-3.854184499001803
0.6509925301721661
2.4108454414471194
-0.5625303995308607
1.9443003004855979
0.4327331555942254
-1.2736488185142096
-4.034425575157487
